0.781000753297005 0.938469172892379
0.779047310249436 0.939440471557640
0.771680744258538 0.941338004051399
0.769979967162935 0.941459619878540
0.771432855525721 0.927348921041632
0.774708584311748 0.915994792671872
0.781340531437351 0.912373646587307
0.781388822375512 0.912325222004356
0.779824865413748 0.907981164710587
0.774553416657519 0.904825590040919
0.770650613014889 0.902310489165741
0.778902141740034 0.894537109832530
0.785789067291556 0.885104285499595
0.777257253777821 0.872920616470706
0.766916357803585 0.871979196496298
0.756744982561444 0.860287872543693
0.754616427586701 0.850163465761656
0.759682413078697 0.852410065872786
0.750857204082821 0.841335584801312
0.724730213975874 0.833846963864680
0.723545555362266 0.825864473276709
0.718240562229529 0.833475754518749
0.716460586859128 0.842793652248938
0.746106112257627 0.852194394847469
0.753706168734332 0.856203050285672
0.746837819342892 0.861823331500321
0.752656537458606 0.868238158928341
0.782685560538753 0.881491565090367
0.765684931429888 0.890439811577294
0.764711342176754 0.906951804602031
0.753354429152494 0.919094497300263
0.749393743811824 0.927135051659837
0.753144642688867 0.924879292456843
0.768290025539831 0.937187453236984
0.744869443469154 0.930140546024842
0.738273502205626 0.926919579006228
0.730847371616795 0.931785607678716
0.728675556242781 0.928525486462063
0.730004070666621 0.944348070278926
0.716963041907625 0.926010143908677
0.730362276421097 0.918496172371551
0.729208910246011 0.911010007798211
0.718985579777037 0.917143755553823
0.709244328415601 0.912878021557293
0.725690381473717 0.943585429314331
0.726903829596426 0.945436364014371
0.752405512962679 0.955404479967153
0.735413575887407 0.972389170421469
0.752722334001550 0.982490860848916
0.746956832123435 0.973292990575215
0.758774945400085 0.960998164937365
0.759777686446802 0.955994843019170
0.765769937897925 0.946394010422003
0.773764400171938 0.951738594543067
0.795574257520760 0.948033176338316
0.781000753297005 0.938469172892379
