0.002662587912130 0.019806646751150
0.085604192728924 0.127314034908691
0.101496004081097 0.112747061118831
0.082340125964182 0.117379441446336
0.057167270247437 0.013025407685444
0.448194055561067 0.000802721362935
0.569019160498408 0.036133999487448
0.649889360950277 0.052138994006505
0.707919986316897 0.109333397871504
0.710919264103714 0.038023136108193
0.822328809566018 0.018870166511680
0.840690841824138 0.025381168362396
0.777087328386068 0.134965537178780
0.824120415758398 0.131947272984286
0.831815798222933 0.138061779615498
0.893368546335664 0.042839838677477
0.821819456211207 0.003615671304807
0.968234276384224 0.000059562269626
0.987292994273497 0.178705524270751
0.843704841958221 0.225468966749249
0.794972312075539 0.260922023682353
0.788542733894914 0.314422688127692
0.791010450008796 0.355531192084556
0.800018943753102 0.305487537898816
0.973295522841297 0.307962279444543
0.913091094192626 0.362858873960962
0.911164723760991 0.355895867271300
0.873619309567669 0.406812292713119
0.965220322816270 0.502536532703106
0.980101072685840 0.587030714651118
0.987529637751882 0.620477939779161
0.980791656291481 0.624587313562905
0.868046148618705 0.562334486545219
0.801493085828374 0.526375888626266
0.813096051948655 0.552725150507281
0.988607270637810 0.709884210354595
0.979687761971582 0.884274824934208
0.943094747114505 0.784860260684444
0.957018455004794 0.788514186529682
0.935720434848089 0.689519564942233
0.900700933253719 0.692644102821427
0.968649417147343 0.994381774679935
0.886446915048383 0.994824467224453
0.884579676149683 0.997603945898639
0.849229029309577 0.917342832739159
0.864004781406375 0.914391032845895
0.941603832385318 0.924964307306783
0.900295516895268 0.855261369075282
0.916206759361647 0.854361568975431
0.893641056909059 0.808844826095200
0.822365924633279 0.711312607261963
0.861125907796028 0.776290323481099
0.798574841953150 0.691235307925956
0.655600833546184 0.847327099576279
0.692444184651805 0.856421606082666
0.806717443189918 0.836568721028310
0.825000411283691 0.883924930302391
0.694542354296214 0.927996311303226
0.618189593599266 0.951170080784322
0.591681600358189 0.959719170331824
0.506335107845410 0.983283332541251
0.446481449737438 0.968328191884015
0.546534115237433 0.918138075581816
0.516453320866662 0.921261643954209
0.396473093142953 0.924521980772038
0.402643012070396 0.913581018761537
0.431192777786028 0.869961382294987
0.534688524219528 0.870057430523474
0.569075117152685 0.831009689174131
0.584480907108859 0.817967016165129
0.542490005280119 0.839517738129719
0.572193857083187 0.787386986328003
0.611887298343651 0.770088972416748
0.602984413319726 0.712598902970831
0.617136519223981 0.726119127928335
0.716132944783258 0.715160289181005
0.714648818929982 0.698166424268003
0.853617568432175 0.631340729832342
0.834453932398210 0.576677093550878
0.799779801536249 0.547911095222417
0.792532936573277 0.507507317004496
0.781659694286836 0.528655740212954
0.749653431470344 0.500397087307832
0.771137832091720 0.593719568380024
0.747384097309496 0.580354267070235
0.729126579933393 0.593307548944516
0.676195313071923 0.526846061240344
0.665191985976506 0.369448996321042
0.678030285368688 0.387109507521200
0.858019912083642 0.543592135675062
0.857824022349820 0.556148292290116
0.872916539606134 0.541863149749983
0.785057071961955 0.382831480532340
0.785262122650287 0.388260808954137
0.777380613040822 0.394738916025841
0.778000770964660 0.440637184046506
0.698770992317596 0.332697709711593
0.632956376594005 0.309278934406712
0.601134567801438 0.348326053632575
0.620076495045832 0.399418839905140
0.559427759404959 0.344263604536775
0.566771866086299 0.288944968622618
0.551062906883221 0.302296311269652
0.527752715874348 0.294200498747733
0.465867202014600 0.277762623633148
0.503147196724614 0.351022295351616
0.369771629278442 0.264890344005493
0.337522875674778 0.293597273199631
0.398472895100002 0.318641276247167
0.482418728751325 0.427016064723495
0.144512010339886 0.135986590355628
0.150204232498167 0.127957378108035
0.230929737086841 0.207828498542229
0.284395039679667 0.220352405319154
0.287932324822961 0.110441085468252
0.344317143011986 0.204285927677660
0.448992289811835 0.235509917249675
0.421358281477056 0.193866496530299
0.371185239111625 0.145621033453206
0.403988237680862 0.155403243450170
0.447348371356422 0.161443447769360
0.420049260100373 0.052059686301304
0.363008277194113 0.136095754399940
0.290789675568598 0.110358465979974
0.352616516571779 0.076195748092698
0.399017636850019 0.016655994586952
0.327105143725455 0.046869940611939
0.231192884608727 0.036916307656521
0.262150609987858 0.026155626413485
0.302627321473615 0.017874359627196
0.124446728324726 0.027085967374540
0.114838763659279 0.022185653458436
0.073601498302818 0.048776632663224
0.132900213418948 0.103611218325613
0.101296837954455 0.102409413132076
0.137184964556799 0.246927119440831
0.136064061492711 0.259043799833881
0.163137979415775 0.241694889143899
0.141543152342338 0.207112180165533
0.154235020817367 0.165564976244031
0.205917528460695 0.259050745171984
0.245113841372129 0.403322866839973
0.322666546945771 0.492796450151501
0.390976127884805 0.560952533297684
0.418611392108077 0.583695446878530
0.323329874464930 0.534289211749234
0.309903991087295 0.494317740432135
0.329523166795039 0.599252536240617
0.283292481807662 0.622080290048421
0.353766264093000 0.606722416173072
0.454366737256929 0.599408113676779
0.444445003031029 0.566241916998402
0.304650329195266 0.363222029694925
0.443654020523491 0.549645899585283
0.381805478772989 0.390123744676879
0.489453882206908 0.444884667380194
0.538750310679316 0.409007863332055
0.535425429481745 0.430397376618533
0.624652036290919 0.487006861943289
0.639275593049487 0.507099983518524
0.665278347053229 0.580966538554508
0.702845655708968 0.590032606194742
0.698648154595237 0.662619564525140
0.560851510875324 0.606786363109381
0.608137190159474 0.558952030520398
0.567021705939910 0.523448433970776
0.559294288307100 0.533026646139578
0.535660566545865 0.604664348347422
0.516427696922993 0.578059035156881
0.466011413590057 0.619197579854726
0.524782283941648 0.700605244702010
0.592792456314337 0.702440490341950
0.547160649461281 0.743441195107736
0.375050788919931 0.695854412250153
0.278769882991337 0.628630835855673
0.243847050351951 0.590614016908507
0.271730002608024 0.568947653551096
0.237208641710323 0.525055669026941
0.148029781946926 0.364782149142019
0.126839474368300 0.338780726929559
0.127535341366909 0.269117069090305
0.100941001018947 0.227063460846927
0.068424949920003 0.266284204212150
0.067191519340124 0.381292004315784
0.101714839274862 0.261017777612907
0.068229534695032 0.457921257921458
0.038167758396905 0.560292375534909
0.123561251034756 0.580850238716626
0.213219409907805 0.646289675331809
0.207464759334673 0.651939160028444
0.238948035165178 0.668005677251148
0.198220629337346 0.680234065130462
0.184488688681502 0.712274822272488
0.221738678506454 0.793705284965087
0.247450076158834 0.756180358471433
0.261649575206288 0.716983007135327
0.376211836177954 0.700021869828935
0.399044403526487 0.741866226187845
0.402840984707159 0.769514118213912
0.401524895523454 0.801947577764256
0.376375491440471 0.762513142434188
0.297527332463082 0.764811868204182
0.307766969924684 0.803137180303753
0.305652476523841 0.838224184158363
0.385293313481516 0.870856237537626
0.320284684337808 0.847661935653380
0.275071622931897 0.847620154194357
0.162774630898039 0.921862127688649
0.140770166246579 0.930076442626340
0.162671910674624 0.935669939003731
0.212234517192577 0.981839596751071
0.259981753425664 0.890482987226212
0.257025977716328 0.933845131627212
0.319106369893582 0.990891667544326
0.219272843664173 0.991194061465186
0.123280195576735 0.963869442680790
0.061793050291852 0.981429018537248
0.124696022888970 0.900702984491691
0.042731743791481 0.855087789173745
0.181227451740404 0.818606051997564
0.179231800688073 0.846412676780677
0.168611839026498 0.858191247032113
0.210059554413920 0.854200165185239
0.240483274329679 0.820585237266768
0.161274345666764 0.756867033316226
0.140870516719702 0.770038325698133
0.055046186808053 0.837323226890212
0.023417600907114 0.850486593717004
0.122459588629408 0.776951411635127
0.069961621924286 0.768641144395173
0.035779546031626 0.783271501671184
0.028565536732117 0.718039232640545
0.185057664841906 0.735003389760388
0.096153681676906 0.597930311038126
0.028328271595914 0.711943788319800
0.024442039441523 0.692881237572469
0.040209630522975 0.494279247938785
0.052685064288175 0.361946240236026
0.047816777624105 0.303789651162824
0.006380043461164 0.641981800851404
0.013458784210244 0.310044505777790
0.035639261843469 0.084031742570937
0.002662587912130 0.019806646751150