0.791480972800162 0.267656375313018
0.706109059372036 0.205108836854393
0.743277903526685 0.181530416096342
0.690403187037633 0.180817019278564
0.573451982146805 0.152927375935450
0.471109067774894 0.106828442358798
0.525038921984396 0.198630719072479
0.538653184910609 0.255731830958152
0.569797137551846 0.247560021582786
0.626741885965104 0.230668502967185
0.657294521414346 0.295076193425374
0.709316118950637 0.250310055096778
0.703913241021295 0.312596499599794
0.724589777050815 0.328108526919088
0.791480972800162 0.267656375313018