p
-0.831844 0.229009
-0.45607 0.085486
-0.831844 0.229009
p
0.531113 0.691847
0.608236 -0.288157
0.531113 0.691847
p
0.223791 0.291577
0.55422 0.776521
0.223791 0.291577
p
0.502128 0.728817
0.16851 0.716709
0.502128 0.728817
p
-0.963171 -0.564709
0.360823 0.976643
-0.963171 -0.564709
p
-0.481728 -0.982592
-0.749407 -0.90429
-0.481728 -0.982592
p
-0.985563 0.235413
-0.782353 0.0777082
-0.985563 0.235413
p
0.652483 -0.634205
0.322281 -0.346324
0.652483 -0.634205
p
-0.38727 0.571385
0.0316578 0.842115
-0.38727 0.571385
p
-0.248853 -0.702031
0.475859 -0.635135
-0.248853 -0.702031
p
0.114661 -0.474711
0.457664 -0.536029
0.114661 -0.474711
p
-0.490037 -0.0221015
0.174602 0.654198
-0.490037 -0.0221015
p
0.655328 0.887336
-0.230233 -0.397596
0.655328 0.887336
p
0.49449 -0.00393952
-0.81005 -0.765133
0.49449 -0.00393952
p
-0.808222 -0.789674
-0.412322 -0.937703
-0.808222 -0.789674
p
-0.259931 -0.97157
0.010685 -0.763593
-0.259931 -0.97157
p
-0.584677 0.181003
-0.656501 0.535395
-0.584677 0.181003
p
0.886629 -0.735478
0.974541 -0.952761
0.886629 -0.735478
p
-0.107766 -0.89659
0.440943 -0.761232
-0.107766 -0.89659
p
0.772242 0.758869
0.664303 -0.765849
0.772242 0.758869
p
-0.0317059 -0.977006
0.82735 -0.771005
-0.0317059 -0.977006
p
0.194708 -0.0519907
0.174785 0.121071
0.194708 -0.0519907
p
0.398275 0.381414
0.307157 0.219135
0.398275 0.381414
p
0.889088 0.568969
0.742415 0.333385
0.889088 0.568969
p
-0.734176 -0.39402
-0.00206695 0.136426
-0.734176 -0.39402
p
0.180321 0.430029
0.267226 0.556675
0.180321 0.430029
p
0.370895 -0.697449
0.570601 -0.744566
0.370895 -0.697449
p
0.943228 0.46094
0.943642 0.716389
0.943228 0.46094
p
-0.57104 0.608425
-0.395977 0.211408
-0.57104 0.608425
p
-0.843124 0.0768864
-0.598475 -0.00270012
-0.843124 0.0768864
p
-0.901037 -0.765093
-0.546415 -0.258951
-0.901037 -0.765093
p
0.0881045 0.200103
-0.994545 -0.955488
0.0881045 0.200103
p
-0.903858 -0.00751283
-0.748198 -0.058838
-0.903858 -0.00751283
p
0.131738 -0.422931
-0.534068 -0.774309
0.131738 -0.422931
p
-0.840737 0.147719
-0.894579 0.632009
-0.840737 0.147719
p
0.150081 -0.0595325
0.0982716 0.0362469
0.150081 -0.0595325
p
0.122908 0.425777
0.103512 0.251441
0.122908 0.425777
p
0.875799 0.0957383
0.836681 0.268206
0.875799 0.0957383
p
0.880533 -0.669594
0.925305 -0.619614
0.880533 -0.669594
p
0.944669 -0.530117
0.868396 -0.6043
0.944669 -0.530117
p
-0.324673 -0.453826
-0.463545 -0.410488
-0.324673 -0.453826
p
0.10342 0.125728
0.363892 0.70727
0.10342 0.125728
p
0.255158 -0.34923
0.416481 -0.321335
0.255158 -0.34923
p
0.299251 0.0293462
0.197104 0.179972
0.299251 0.0293462
p
-0.970719 0.664535
-0.24288 0.949761
-0.970719 0.664535
p
0.58878 0.732871
0.617462 0.345483
0.58878 0.732871
p
0.208349 0.457922
0.233322 0.469014
0.208349 0.457922
p
0.96155 -0.661066
0.931304 0.437495
0.96155 -0.661066
p
-0.445347 -0.202604
-0.493059 -0.361281
-0.445347 -0.202604
p
0.68365 0.119051
0.664967 -0.598062
0.68365 0.119051
p
-0.72296 0.701488
-0.451065 0.243293
-0.72296 0.701488
p
-0.583783 0.429299
-0.54926 0.351782
-0.583783 0.429299
p
-0.363321 0.492543
-0.523665 0.512741
-0.363321 0.492543
p
0.216365 0.991914
-0.561032 0.81956
0.216365 0.991914
p
0.49614 -0.0576643
0.26664 -0.202687
0.49614 -0.0576643
p
0.819103 0.439579
0.891492 0.337272
0.819103 0.439579
p
0.510663 0.170726
0.523822 0.333043
0.510663 0.170726
p
-0.292275 -0.921973
-0.358544 -0.751139
-0.292275 -0.921973
p
-0.726132 -0.607764
-0.919105 -0.857188
-0.726132 -0.607764
p
0.10802 -0.982014
0.761855 -0.931567
0.10802 -0.982014
p
0.148824 0.687303
0.0382719 0.546838
0.148824 0.687303
p
0.139132 0.965244
-0.23245 0.48746
0.139132 0.965244
p
-0.257731 -0.40828
-0.434657 -0.413483
-0.257731 -0.40828
p
0.047388 -0.686
-0.417961 -0.720447
0.047388 -0.686
p
0.164816 -0.577451
0.288905 -0.513903
0.164816 -0.577451
p
-0.659895 0.602476
-0.359964 0.717523
-0.659895 0.602476
p
0.119802 -0.664126
0.172024 -0.638029
0.119802 -0.664126
p
-0.901876 -0.438895
-0.931816 0.181659
-0.901876 -0.438895
p
0.177077 -0.0511285
-0.135851 -0.34273
0.177077 -0.0511285
p
0.671913 -0.742369
0.793787 0.0293719
0.671913 -0.742369
p
0.591144 0.141072
0.64627 -0.277078
0.591144 0.141072
p
0.813067 -0.44659
0.794498 0.349511
0.813067 -0.44659
p
0.828245 0.763562
0.774584 0.598514
0.828245 0.763562
p
0.197714 -0.805292
0.315431 -0.700734
0.197714 -0.805292
p
-0.194083 -0.599189
-0.00825352 -0.546684
-0.194083 -0.599189
p
0.730192 0.217031
0.668414 -0.628025
0.730192 0.217031
p
0.610588 0.497699
0.731381 0.726495
0.610588 0.497699
p
0.0765667 0.207461
-0.000191065 0.438555
0.0765667 0.207461
p
-0.384775 0.645721
-0.136868 0.912203
-0.384775 0.645721
p
0.771874 -0.841875
0.256683 -0.940756
0.771874 -0.841875
p
0.876357 -0.90506
0.75606 -0.229865
0.876357 -0.90506
p
0.290369 0.685831
-0.131915 0.340273
0.290369 0.685831
p
0.298726 -0.20675
-0.0157097 -0.491435
0.298726 -0.20675
p
-0.702569 0.475094
-0.705115 0.253091
-0.702569 0.475094
p
0.777043 -0.902896
0.811608 -0.832755
0.777043 -0.902896
p
-0.887249 0.789452
-0.54087 0.83923
-0.887249 0.789452
p
-0.506896 -0.0208348
-0.905468 -0.0917372
-0.506896 -0.0208348
p
0.992236 0.405713
0.9973 -0.314905
0.992236 0.405713
p
-0.891136 0.773492
-0.59105 0.819144
-0.891136 0.773492
p
0.65572 0.571407
0.631116 0.0193403
0.65572 0.571407
p
0.133002 0.0990224
-0.178656 -0.356074
0.133002 0.0990224
p
0.44795 0.982835
0.394111 0.971269
0.44795 0.982835
p
0.644994 -0.795751
0.767951 -0.631159
0.644994 -0.795751
p
-0.669578 -0.73495
0.506178 -0.00411984
-0.669578 -0.73495
p
-0.0506785 0.547596
0.2194 0.90531
-0.0506785 0.547596
p
-0.984209 -0.650174
-0.834832 -0.451836
-0.984209 -0.650174
p
-0.232111 -0.589819
0.180702 -0.296508
-0.232111 -0.589819
p
-0.563627 -0.255635
-0.0531822 0.272381
-0.563627 -0.255635
p
-0.497563 -0.0835123
-0.268832 0.195267
-0.497563 -0.0835123
p
-0.656755 0.640957
-0.636583 0.704058
-0.656755 0.640957
