b
-0.1738642927980819335 1.253322787115162169
-1.509703669821587531 0.6999999999999999556
-0.7925336969377096631 0.997061529295246956
b
-0.2856901351339887218 1.150881303401918324
-1.374213892827358474 0.6999999999999999556
-0.7977070482322497048 0.9387969538322122323
b
-0.8954925539581689341 0.7368749403293434404
-0.88021845356205626 0.6999999999999999556
-0.7362021137994508325 0.7596535211330027615
b
-0.7224251928558046214 0.700840323312747267
-0.7220771195428863972 0.6999999999999999555
-0.7452363817170503905 0.7559114048354208858
b
-0.7452363817170503905 0.7559114048354208858
-0.88021845356205626 0.6999999999999999556
-0.6632809529612275295 0.7898584549361846626
b
-0.6390252047688351669 0.7027635130458001067
-0.6378805201854697642 0.6999999999999999556
-0.6733700888591039665 0.7856793980146589892
b
-0.6733700888591039665 0.7856793980146589892
-0.88021845356205626 0.6999999999999999556
-0.4226093785739833873 0.889547885125066389
b
-0.3324881918203950188 0.7303030967393919808
-0.4056463389505391683 0.6999999999999999556
-0.3729242151611150025 0.7135539474632307383
b
-0.1295342018087376231 0.8505993606863419347
-0.06715390412773727756 0.6999999999999999556
-0.08488822313529222311 0.7428144334674900765
b
-0.08488822313529222311 0.7428144334674900765
-0.1882514090778274226 0.6999999999999999556
-0.005178297203812454977 0.7758313658440638546
b
-0.5260625206359835351 1.163005294135791878
-0.3342794483543944877 0.6999999999999999556
-0.7722809719646615313 1.75742921863998616
b
-0.0442612192815787366 0.962303314314773989
0.06438837096301346203 0.6999999999999999556
-0.4995607563794870157 2.061493631718736391
b
0.3582107231694216309 0.7058550683905905904
0.3606359719054262819 0.6999999999999999556
0.3344706668007082135 0.7631686344474402985
b
0.4177971377843963899 0.9034771855702337693
0.5020801476810942611 0.6999999999999999556
0.2745703101327885977 1.249257335382419167
b
0.5660281576166948539 1.055374948799177179
-0.2919228635019231329 0.6999999999999999556
0.3789048753539773885 0.9778659474501907956
b
0.5842779183305224169 0.7167435821296114307
0.5912133371313152785 0.6999999999999999556
0.4345675069148581687 1.078176487797763927
b
0.707416626588326491 0.7240850213715237553
0.7173929690904574906 0.6999999999999999556
0.6274180561492149876 0.9172186550960861319
b
0.8350910635107671208 1.501666921836701368
-1.10030409169328953 0.6999999999999999556
-0.1605310349582710198 1.089266745652464698
b
0.7752001795320654289 1.380868962155816087
-0.8685629031033996341 0.6999999999999999556
0.07296630865562783827 1.089994168881038859
b
0.0408883533674449522 0.8986987891977520053
0.1231920866802664773 0.6999999999999999556
-0.5353266910935609583 2.289804964378928573
b
0.4325906379077393576 0.9260375657497009223
0.5262184632470656828 0.6999999999999999556
-0.02643458309997815981 2.034222479777840007
b
0.7895317202450632956 0.7435701087339907056
0.8075790501967527046 0.6999999999999999556
0.5600535637719115895 1.297579386359848863
b
0.7548131401534062199 0.7320145742080925757
0.7680740109839980711 0.6999999999999999556
0.5054229849497672211 1.334095669223049011
b
0.9400589142980940435 0.7085860191137642499
0.943615359861809836 0.6999999999999999556
0.8680933662608868577 0.8823262212088023256
bc
-1.100000000000000089 1.89231483169576413
-1.090000000000000089 1.852515144478409828
-1.080000000000000088 1.813433694440669134
-1.070000000000000088 1.775070481582542046
-1.060000000000000088 1.737425505904028566
-1.050000000000000088 1.700498767405128693
-1.040000000000000088 1.664290266085842426
-1.030000000000000087 1.628800001946169767
-1.020000000000000087 1.594027974986110715
-1.010000000000000087 1.55997418520566527
-1.000000000000000087 1.526638632604833432
-0.9900000000000000865 1.494021317183615201
-0.9800000000000000863 1.462122238942010578
-0.9700000000000000861 1.430941397880019561
-0.9600000000000000859 1.400478793997642151
-0.9500000000000000857 1.370734427294878349
-0.9400000000000000855 1.341708297771728153
-0.9300000000000000853 1.313400405428191564
-0.9200000000000000851 1.285810750264268583
-0.9100000000000000849 1.258939332279959209
-0.9000000000000000847 1.232786151475263441
-0.8900000000000000844 1.207351207850181281
-0.8800000000000000842 1.182634501404712728
-0.870000000000000084 1.158636032138857782
-0.8600000000000000838 1.135355800052616443
-0.8500000000000000836 1.112793805145988711
-0.8400000000000000834 1.090950047418974586
-0.8300000000000000832 1.069824526871574068
-0.820000000000000083 1.049417243503787157
-0.8100000000000000828 1.029728197315613853
-0.8000000000000000826 1.010757388307054157
-0.7900000000000000824 0.992504816478108067
-0.7800000000000000822 0.9749704818287755845
-0.7700000000000000819 0.958154384359056709
-0.7600000000000000817 0.9420565240689514406
-0.7500000000000000815 0.9266769009584597792
-0.7400000000000000813 0.9120155150275817249
-0.7300000000000000811 0.8980723662763172777
-0.7200000000000000809 0.8848474547046664375
-0.7100000000000000807 0.8723407803126292044
-0.7000000000000000805 0.8605523431002055783
-0.6900000000000000803 0.8494821430673955594
-0.6800000000000000801 0.8391301802141991474
-0.6700000000000000799 0.8294964545406163426
-0.6600000000000000797 0.8205809660466471448
-0.6500000000000000795 0.8123837147322915541
-0.6400000000000000792 0.8049047005975495704
-0.630000000000000079 0.7981439236424211938
-0.6200000000000000788 0.7921013838669064243
-0.6100000000000000786 0.7867770812710052618
-0.6000000000000000784 0.7821710158547177064
-0.5900000000000000782 0.778283187618043758
-0.580000000000000078 0.7751135965609834167
-0.5700000000000000778 0.7726622426835366825
-0.5600000000000000776 0.7709291259857035554
-0.5500000000000000774 0.7699142464674840352
-0.5400000000000000772 0.7696176041288781222
-0.530000000000000077 0.7700391989698858163
-0.5200000000000000767 0.7711790309905071174
-0.5100000000000000765 0.7730371001907420255
-0.5000000000000000763 0.7756134065705905407
-0.4900000000000000761 0.778907950130052663
-0.4800000000000000759 0.7829207308691283923
-0.4700000000000000757 0.7876517487878177288
-0.4600000000000000755 0.7931010038861206723
-0.4500000000000000753 0.7992684961640372228
-0.4400000000000000751 0.8061542256215673804
-0.4300000000000000749 0.8137581922587111451
-0.4200000000000000747 0.8220803960754685168
-0.4100000000000000745 0.8311208370718394956
-0.4000000000000000742 0.8408795152478240814
-0.390000000000000074 0.8513564306034222743
-0.3800000000000000738 0.8625515831386340743
-0.3700000000000000736 0.8744649728534594814
-0.3600000000000000734 0.8870965997478984955
-0.3500000000000000732 0.9004464638219511167
-0.340000000000000073 0.9145145650756173449
-0.3300000000000000728 0.9293009035088971802
-0.3200000000000000726 0.9448054791217906225
-0.3100000000000000724 0.961028291914297672
-0.3000000000000000722 0.9779693418864183285
-0.290000000000000072 0.995628629038152592
-0.2800000000000000717 1.014006153369500463
-0.2700000000000000715 1.03310191488046194
-0.2600000000000000713 1.052915913571037025
-0.2500000000000000711 1.073448149441225717
-0.2400000000000000709 1.094698622491028016
-0.2300000000000000707 1.116667332720443922
-0.2200000000000000705 1.139354280129473435
-0.2100000000000000703 1.162759464718116555
-0.2000000000000000701 1.186882886486373282
-0.1900000000000000699 1.211724545434243616
-0.1800000000000000697 1.237284441561727557
bc
-1.100000000000000089 1.846616716769856799
-1.090000000000000089 1.804319248928592838
-1.080000000000000088 1.762861099454622794
-1.070000000000000088 1.722242268347946666
-1.060000000000000088 1.682462755608564455
-1.050000000000000088 1.64352256123647616
-1.040000000000000088 1.605421685231681782
-1.030000000000000087 1.568160127594181321
-1.020000000000000087 1.531737888323974776
-1.010000000000000087 1.496154967421062147
-1.000000000000000087 1.461411364885443435
-0.9900000000000000865 1.42750708071711864
-0.9800000000000000863 1.394442114916087761
-0.9700000000000000861 1.362216467482350799
-0.9600000000000000859 1.330830138415907754
-0.9500000000000000857 1.300283127716758625
-0.9400000000000000855 1.270575435384903412
-0.9300000000000000853 1.241707061420342116
-0.9200000000000000851 1.213678005823074737
-0.9100000000000000849 1.186488268593101274
-0.9000000000000000847 1.160137849730421728
-0.8900000000000000844 1.134626749235036098
-0.8800000000000000842 1.109954967106944385
-0.870000000000000084 1.086122503346146588
-0.8600000000000000838 1.063129357952642708
-0.8500000000000000836 1.040975530926432745
-0.8400000000000000834 1.019661022267516698
-0.8300000000000000832 0.9991858319758945676
-0.820000000000000083 0.9795499600515663538
-0.8100000000000000828 0.9607534064945320566
-0.8000000000000000826 0.9427961713047916759
-0.7900000000000000824 0.9256782544823452118
-0.7800000000000000822 0.9093996560271926642
-0.7700000000000000819 0.8939603759393340332
-0.7600000000000000817 0.8793604142187693188
-0.7500000000000000815 0.8655997708654985209
-0.7400000000000000813 0.8526784458795216395
-0.7300000000000000811 0.8405964392608386747
-0.7200000000000000809 0.8293537510094496265
-0.7100000000000000807 0.8189503811253544948
-0.7000000000000000805 0.8093863296085532797
-0.6900000000000000803 0.8006615964590459811
-0.6800000000000000801 0.7927761816768325991
-0.6700000000000000799 0.7857300852619131337
-0.6600000000000000797 0.7795233072142875848
-0.6500000000000000795 0.7741558475339559525
-0.6400000000000000792 0.7696277062209182367
-0.630000000000000079 0.7659388832751744375
-0.6200000000000000788 0.7630893786967245548
-0.6100000000000000786 0.7610791924855685887
-0.6000000000000000784 0.7599083246417065391
-0.5900000000000000782 0.7595767751651384061
-0.580000000000000078 0.7600845440558641897
-0.5700000000000000778 0.7614316313138838898
-0.5600000000000000776 0.7636180369391975065
-0.5500000000000000774 0.7666437609318050398
-0.5400000000000000772 0.7705088032917064896
-0.530000000000000077 0.7752131640189018559
-0.5200000000000000767 0.7807568431133911388
-0.5100000000000000765 0.7871398405751743383
-0.5000000000000000763 0.7943621564042514543
-0.4900000000000000761 0.8024237906006224869
-0.4800000000000000759 0.811324743164287436
-0.4700000000000000757 0.8210650140952463016
-0.4600000000000000755 0.8316446033934990839
-0.4500000000000000753 0.8430635110590457827
-0.4400000000000000751 0.8553217370918863981
-0.4300000000000000749 0.86841928149202093
-0.4200000000000000747 0.8823561442594493785
-0.4100000000000000745 0.8971323253941717435
-0.4000000000000000742 0.9127478248961880251
-0.390000000000000074 0.9292026427654982232
-0.3800000000000000738 0.9464967790021023379
-0.3700000000000000736 0.9646302336060003692
-0.3600000000000000734 0.983603006577192317
-0.3500000000000000732 1.003415097915678181
-0.340000000000000073 1.024066507621457962
-0.3300000000000000728 1.04555723569453166
-0.3200000000000000726 1.067887282134899274
-0.3100000000000000724 1.091056646942560804
-0.3000000000000000722 1.115065330117516252
-0.290000000000000072 1.139913331659765615
bc
-1.100000000000000089 1.033543099234755671
-1.090000000000000089 1.005803317558289153
-1.080000000000000088 0.9794242354030908144
-1.070000000000000088 0.9544058527691606559
-1.060000000000000088 0.9307481696564986774
-1.050000000000000088 0.9084511860651048789
-1.040000000000000088 0.8875149019949792603
-1.030000000000000087 0.8679393174461218217
-1.020000000000000087 0.8497244324185325632
-1.010000000000000087 0.8328702469122114845
-1.000000000000000087 0.8173767609271585859
-0.9900000000000000865 0.8032439744633738672
-0.9800000000000000863 0.7904718875208573285
-0.9700000000000000861 0.7790605000996089697
-0.9600000000000000859 0.769009812199628791
-0.9500000000000000857 0.7603198238209167922
-0.9400000000000000855 0.7529905349634729734
-0.9300000000000000853 0.7470219456272973346
-0.9200000000000000851 0.7424140558123898757
-0.9100000000000000849 0.7391668655187505969
-0.9000000000000000847 0.737280374746379498
bc
-0.7362021137994508325 0.7596535211330027445
-0.7262021137994508323 0.7042749302928042738
bc
-0.6632809529612275295 0.7898584549361846583
-0.6532809529612275293 0.7363848751862291815
-0.6432809529612275291 0.7075563030438198462
bc
-0.44288527409146483 0.9049615868824533731
-0.4328852740914648298 0.8604928037020348655
-0.4228852740914648296 0.8217309293269519694
-0.4128852740914648294 0.7886759637572046849
-0.4028852740914648292 0.761327906992793012
-0.392885274091464829 0.7396867590337169506
-0.3828852740914648288 0.7237525198799765008
-0.3728852740914648286 0.7135251895315716625
-0.3628852740914648284 0.7090047679885024358
-0.3528852740914648282 0.7101912552507688207
-0.342885274091464828 0.7170846513183708171
-0.3328852740914648278 0.7296849561913084251
bc
-0.44288527409146483 0.9049615868824533735
-0.4328852740914648298 0.8971538889349700014
-0.4228852740914648296 0.88974657404551279
-0.4128852740914648294 0.8827396422140817392
-0.4028852740914648292 0.8761330934406768491
-0.392885274091464829 0.8699269277252981197
-0.3828852740914648288 0.8641211450679455509
-0.3728852740914648286 0.8587157454686191428
-0.3628852740914648284 0.8537107289273188952
-0.3528852740914648282 0.8491060954440448084
-0.342885274091464828 0.8449018450187968823
-0.3328852740914648278 0.8410979776515751167
-0.3228852740914648275 0.8376944933423795118
-0.3128852740914648273 0.8346913920912100677
-0.3028852740914648271 0.8320886738980667841
-0.2928852740914648269 0.8298863387629496612
-0.2828852740914648267 0.8280843866858586989
-0.2728852740914648265 0.8266828176667938973
-0.2628852740914648263 0.8256816317057552564
-0.2528852740914648261 0.8250808288027427761
-0.2428852740914648259 0.8248804089577564565
-0.2328852740914648257 0.8250803721707962975
-0.2228852740914648255 0.8256807184418622992
-0.2128852740914648253 0.8266814477709544615
-0.2028852740914648251 0.8280825601580727845
-0.1928852740914648248 0.8298840556032172681
-0.1828852740914648246 0.8320859341063879124
-0.1728852740914648244 0.8346881956675847173
-0.1628852740914648242 0.837690840286807683
-0.152885274091464824 0.8410938679640568092
-0.1428852740914648238 0.8448972786993320961
-0.1328852740914648236 0.8491010724926335437
bc
-1.100000000000000089 2.991797554279920686
-1.090000000000000089 2.946645904310729048
-1.080000000000000088 2.90196550115398401
-1.070000000000000088 2.857756344809685571
-1.060000000000000088 2.814018435277833732
-1.050000000000000088 2.770751772558428492
-1.040000000000000088 2.727956356651469851
-1.030000000000000087 2.685632187556957809
-1.020000000000000087 2.643779265274892367
-1.010000000000000087 2.602397589805273524
-1.000000000000000087 2.56148716114810128
-0.9900000000000000865 2.521047979303375636
-0.9800000000000000863 2.481080044271096591
-0.9700000000000000861 2.441583356051264145
-0.9600000000000000859 2.402557914643878299
-0.9500000000000000857 2.364003720048939052
-0.9400000000000000855 2.325920772266446404
-0.9300000000000000853 2.288309071296400355
-0.9200000000000000851 2.251168617138800906
-0.9100000000000000849 2.214499409793648056
-0.9000000000000000847 2.178301449260941806
-0.8900000000000000844 2.142574735540682155
-0.8800000000000000842 2.107319268632869103
-0.870000000000000084 2.07253504853750265
-0.8600000000000000838 2.038222075254582797
-0.8500000000000000836 2.004380348784109543
-0.8400000000000000834 1.971009869126082888
-0.8300000000000000832 1.938110636280502833
-0.820000000000000083 1.905682650247369377
-0.8100000000000000828 1.87372591102668252
-0.8000000000000000826 1.842240418618442263
-0.7900000000000000824 1.811226173022648605
-0.7800000000000000822 1.780683174239301546
-0.7700000000000000819 1.750611422268401086
-0.7600000000000000817 1.721010917109947226
-0.7500000000000000815 1.691881658763939966
-0.7400000000000000813 1.663223647230379304
-0.7300000000000000811 1.635036882509265242
-0.7200000000000000809 1.607321364600597779
-0.7100000000000000807 1.580077093504376915
-0.7000000000000000805 1.553304069220602651
-0.6900000000000000803 1.527002291749274986
-0.6800000000000000801 1.50117176109039392
-0.6700000000000000799 1.475812477243959454
-0.6600000000000000797 1.450924440209971587
-0.6500000000000000795 1.426507649988430319
-0.6400000000000000792 1.402562106579335651
-0.630000000000000079 1.379087809982687582
-0.6200000000000000788 1.356084760198486112
-0.6100000000000000786 1.333552957226731242
-0.6000000000000000784 1.31149240106742297
-0.5900000000000000782 1.289903091720561299
-0.580000000000000078 1.268785029186146226
-0.5700000000000000778 1.248138213464177753
-0.5600000000000000776 1.227962644554655879
-0.5500000000000000774 1.208258322457580604
-0.5400000000000000772 1.189025247172951929
-0.530000000000000077 1.170263418700769853
bc
-1.100000000000000089 3.813989307471250364
-1.090000000000000089 3.769066236478161184
-1.080000000000000088 3.724485732623674531
-1.070000000000000088 3.680247795907790405
-1.060000000000000088 3.636352426330508807
-1.050000000000000088 3.592799623891829736
-1.040000000000000088 3.549589388591753193
-1.030000000000000087 3.506721720430279177
-1.020000000000000087 3.464196619407407688
-1.010000000000000087 3.422014085523138726
-1.000000000000000087 3.380174118777472292
-0.9900000000000000865 3.338676719170408385
-0.9800000000000000863 3.297521886701947005
-0.9700000000000000861 3.256709621372088153
-0.9600000000000000859 3.216239923180831828
-0.9500000000000000857 3.176112792128178031
-0.9400000000000000855 3.13632822821412676
-0.9300000000000000853 3.096886231438678017
-0.9200000000000000851 3.057786801801831802
-0.9100000000000000849 3.019029939303588113
-0.9000000000000000847 2.980615643943946953
-0.8900000000000000844 2.942543915722908319
-0.8800000000000000842 2.904814754640472213
-0.870000000000000084 2.867428160696638634
-0.8600000000000000838 2.830384133891407582
-0.8500000000000000836 2.793682674224779058
-0.8400000000000000834 2.757323781696753061
-0.8300000000000000832 2.721307456307329591
-0.820000000000000083 2.685633698056508649
-0.8100000000000000828 2.650302506944290234
-0.8000000000000000826 2.615313882970674346
-0.7900000000000000824 2.580667826135660985
-0.7800000000000000822 2.546364336439250152
-0.7700000000000000819 2.512403413881441847
-0.7600000000000000817 2.478785058462236068
-0.7500000000000000815 2.445509270181632817
-0.7400000000000000813 2.412576049039632093
-0.7300000000000000811 2.379985395036233897
-0.7200000000000000809 2.347737308171438228
-0.7100000000000000807 2.315831788445245086
-0.7000000000000000805 2.284268835857654472
-0.6900000000000000803 2.253048450408666385
-0.6800000000000000801 2.222170632098280825
-0.6700000000000000799 2.191635380926497792
-0.6600000000000000797 2.161442696893317287
-0.6500000000000000795 2.131592579998739309
-0.6400000000000000792 2.102085030242763859
-0.630000000000000079 2.072920047625390936
-0.6200000000000000788 2.04409763214662054
-0.6100000000000000786 2.015617783806452672
-0.6000000000000000784 1.98748050260488733
-0.5900000000000000782 1.959685788541924516
-0.580000000000000078 1.93223364161756423
-0.5700000000000000778 1.905124061831806471
-0.5600000000000000776 1.878357049184651239
-0.5500000000000000774 1.851932603676098534
-0.5400000000000000772 1.825850725306148357
-0.530000000000000077 1.800111414074800707
-0.5200000000000000767 1.774714669982055585
-0.5100000000000000765 1.749660493027912989
-0.5000000000000000763 1.724948883212372921
-0.4900000000000000761 1.700579840535435381
-0.4800000000000000759 1.676553364997100368
-0.4700000000000000757 1.652869456597367882
-0.4600000000000000755 1.629528115336237923
-0.4500000000000000753 1.606529341213710492
-0.4400000000000000751 1.583873134229785588
-0.4300000000000000749 1.561559494384463211
-0.4200000000000000747 1.539588421677743362
-0.4100000000000000745 1.51795991610962604
-0.4000000000000000742 1.496673977680111245
-0.390000000000000074 1.475730606389198978
-0.3800000000000000738 1.455129802236889238
-0.3700000000000000736 1.434871565223182025
-0.3600000000000000734 1.41495589534807734
-0.3500000000000000732 1.395382792611575182
-0.340000000000000073 1.376152257013675551
-0.3300000000000000728 1.357264288554378447
-0.3200000000000000726 1.338718887233683871
-0.3100000000000000724 1.320516053051591823
-0.3000000000000000722 1.302655786008102301
-0.290000000000000072 1.285138086103215307
-0.2800000000000000717 1.26796295333693084
-0.2700000000000000715 1.251130387709248901
-0.2600000000000000713 1.234640389220169489
-0.2500000000000000711 1.218492957869692604
-0.2400000000000000709 1.202688093657818247
-0.2300000000000000707 1.187225796584546417
-0.2200000000000000705 1.172106066649877114
-0.2100000000000000703 1.157328903853810338
-0.2000000000000000701 1.14289430819634609
-0.1900000000000000699 1.128802279677484369
-0.1800000000000000697 1.115052818297225176
-0.1700000000000000695 1.10164592405556851
-0.1600000000000000693 1.088581596952514371
-0.150000000000000069 1.075859836988062759
-0.1400000000000000688 1.063480644162213675
-0.1300000000000000686 1.051444018474967118
-0.1200000000000000684 1.039749959926323089
-0.1100000000000000682 1.028398468516281586
-0.100000000000000068 1.017389544244842612
-0.09000000000000006779 1.006723187112006164
-0.08000000000000006758 0.9963993971177722437
-0.07000000000000006738 0.9864181742621408508
-0.06000000000000006717 0.9767795185451119853
-0.05000000000000006696 0.967483429966685647
bc
-0.4995607563794870157 2.061493631718736391
-0.4895607563794870155 2.026718867172243474
-0.4795607563794870153 1.992431171099217089
-0.4695607563794870151 1.958630543499657237
-0.4595607563794870149 1.925316984373563917
-0.4495607563794870147 1.892490493720937129
-0.4395607563794870145 1.860151071541776874
-0.4295607563794870143 1.828298717836083151
-0.4195607563794870141 1.796933432603855961
-0.4095607563794870139 1.766055215845095303
-0.3995607563794870137 1.735664067559801178
-0.3895607563794870135 1.705759987747973584
-0.3795607563794870132 1.676342976409612524
-0.369560756379487013 1.647413033544717995
-0.3595607563794870128 1.618970159153289999
-0.3495607563794870126 1.591014353235328536
-0.3395607563794870124 1.563545615790833604
-0.3295607563794870122 1.536563946819805205
-0.319560756379487012 1.510069346322243339
-0.3095607563794870118 1.484061814298148005
-0.2995607563794870116 1.458541350747519203
-0.2895607563794870114 1.433507955670356934
-0.2795607563794870112 1.408961629066661197
-0.269560756379487011 1.384902370936431992
-0.2595607563794870108 1.36133018127966932
-0.2495607563794870105 1.33824506009637318
-0.2395607563794870103 1.315647007386543573
-0.2295607563794870101 1.293536023150180498
-0.2195607563794870099 1.271912107387283955
-0.2095607563794870097 1.250775260097853945
-0.1995607563794870095 1.230125481281890467
-0.1895607563794870093 1.209962770939393522
-0.1795607563794870091 1.190287129070363109
-0.1695607563794870089 1.171098555674799228
-0.1595607563794870087 1.15239705075270188
-0.1495607563794870085 1.134182614304071064
-0.1395607563794870083 1.116455246328906781
-0.129560756379487008 1.09921494682720903
-0.1195607563794870078 1.082461715798977811
-0.1095607563794870076 1.066195553244213124
-0.09956075637948700742 1.05041645916291497
-0.08956075637948700721 1.035124433555083349
-0.079560756379487007 1.02031947642071826
-0.0695607563794870068 1.006001587759819703
-0.05956075637948700659 0.9921707675723876785
-0.04956075637948700638 0.9788270158584221865
-0.03956075637948700617 0.9659703326179232269
-0.02956075637948700596 0.9536007178508907996
-0.01956075637948700576 0.9417181715573249048
-0.009560756379487005547 0.9303226937372255423
0.0004392436205129946608 0.9194142843905927123
0.01043924362051299487 0.9089929435174264146
0.02043924362051299508 0.8990586711177266492
0.03043924362051299529 0.8896114671914934163
0.04043924362051299549 0.8806513317387267158
0.0504392436205129957 0.8721782647594265477
0.06043924362051299591 0.8641922662535929119
0.07043924362051299612 0.8566933362212258086
0.08043924362051299633 0.8496814746623252376
0.09043924362051299653 0.843156681576891199
0.1004392436205129967 0.8371189569649236928
bc
0.1033349956904946579 0.8354615243589323628
0.1133349956904946581 0.8300519111744577409
0.1233349956904946583 0.8251293664634496513
0.1333349956904946585 0.8206938902259080942
0.1433349956904946587 0.8167454824618330694
0.1533349956904946589 0.8132841431712245771
0.1633349956904946591 0.8103098723540826171
0.1733349956904946593 0.8078226700104071895
0.1833349956904946596 0.8058225361401982943
0.1933349956904946598 0.8043094707434559315
0.20333499569049466 0.803283473820180101
0.2133349956904946602 0.802744545370370803
0.2233349956904946604 0.8026926853940280373
0.2333349956904946606 0.803127893891151804
0.2433349956904946608 0.8040501708617421032
0.253334995690494661 0.8054595163057989347
0.2633349956904946612 0.8073559302233222985
0.2733349956904946614 0.8097394126143121948
0.2833349956904946616 0.8126099634787686235
0.2933349956904946618 0.8159675828166915846
0.3033349956904946621 0.819812270628081078
0.3133349956904946623 0.8241440269129371038
bc
0.3213719482663511024 0.8279784713189439219
0.3313719482663511026 0.7763693301332997493
0.3413719482663511028 0.7385151861684738296
0.351371948266351103 0.7144160394244661628
bc
0.3344706668007082135 0.7631686344474402981
0.3444706668007082137 0.7295767769654323853
0.3544706668007082139 0.7097399167042427255
0.3644706668007082141 0.7036580536638713186
0.3744706668007082143 0.7113311878443181646
0.3844706668007082145 0.7327593192455832635
0.3944706668007082147 0.7679424478676666154
0.4044706668007082149 0.8168805737105682201
0.4144706668007082152 0.8795736967742880778
bc
0.2745703101327885977 1.249257335382419167
0.2845703101327885979 1.213365185740858495
0.2945703101327885981 1.178779872095493803
0.3045703101327885983 1.145501394446325091
0.3145703101327885985 1.113529752793352358
0.3245703101327885987 1.082864947136575605
0.334570310132788599 1.053506977475994832
0.3445703101327885992 1.025455843811610039
0.3545703101327885994 0.9987115461434212259
0.3645703101327885996 0.9732740844714283922
0.3745703101327885998 0.9491434587956315385
0.3845703101327886 0.9263196691160306645
0.3945703101327886002 0.9048027154326257702
bc
0.3962258362615709817 0.9013666112493607096
0.4062258362615709819 0.9076993205994015257
0.4162258362615709821 0.9143745970880448691
0.4262258362615709823 0.9213924407152907399
0.4362258362615709825 0.928752851481139138
0.4462258362615709827 0.9364558293855900634
0.4562258362615709829 0.9445013744286435161
0.4662258362615709831 0.9528894866102994961
0.4762258362615709833 0.9616201659305580034
0.4862258362615709835 0.9706934123894190381
0.4962258362615709837 0.9801092259868826002
0.5062258362615709839 0.9898676067229486895
0.5162258362615709842 0.9999685545976173062
0.5262258362615709844 1.01041206961088845
0.5362258362615709846 1.021198151762762122
0.5462258362615709848 1.03232680105323832
0.556225836261570985 1.043798017482317046
bc
-0.7723630095125974608 28.89823001872561257
-0.7623630095125974606 28.48566085373254563
-0.7523630095125974604 28.07613391440534637
-0.7423630095125974602 27.66964920074401477
-0.73236300951259746 27.26620671274855085
-0.7223630095125974598 26.86580645041895459
-0.7123630095125974596 26.46844841375522601
-0.7023630095125974594 26.0741326027573651
-0.6923630095125974592 25.68285901742537185
-0.682363009512597459 25.29462765775924628
-0.6723630095125974588 24.90943852375898838
-0.6623630095125974585 24.52729161542459815
-0.6523630095125974583 24.14818693275607558
-0.6423630095125974581 23.77212447575342069
-0.6323630095125974579 23.39910424441663347
-0.6223630095125974577 23.02912623874571391
-0.6123630095125974575 22.66219045874066203
-0.6023630095125974573 22.29829690440147782
-0.5923630095125974571 21.93744557572816128
-0.5823630095125974569 21.57963647272071241
-0.5723630095125974567 21.22486959537913121
-0.5623630095125974565 20.87314494370341768
-0.5523630095125974563 20.52446251769357181
-0.542363009512597456 20.17882231734959362
-0.5323630095125974558 19.8362243426714831
-0.5223630095125974556 19.49666859365924025
-0.5123630095125974554 19.16015507031286507
-0.5023630095125974552 18.82668377263235756
-0.492363009512597455 18.49625470061771772
-0.4823630095125974548 18.16886785426894555
-0.4723630095125974546 17.84452323358604105
-0.4623630095125974544 17.52322083856900422
-0.4523630095125974542 17.20496066921783506
-0.442363009512597454 16.88974272553253358
-0.4323630095125974538 16.57756700751309976
-0.4223630095125974535 16.26843351515953361
-0.4123630095125974533 15.96234224847183513
-0.4023630095125974531 15.65929320745000432
-0.3923630095125974529 15.35928639209404118
-0.3823630095125974527 15.06232180240394571
-0.3723630095125974525 14.76839943837971792
-0.3623630095125974523 14.47751930002135779
-0.3523630095125974521 14.18968138732886533
-0.3423630095125974519 13.90488570030224054
-0.3323630095125974517 13.62313223894148343
-0.3223630095125974515 13.34442100324659398
-0.3123630095125974513 13.0687519932175722
-0.302363009512597451 12.79612520885441809
-0.2923630095125974508 12.52654065015713166
-0.2823630095125974506 12.25999831712571289
-0.2723630095125974504 11.9964982097601618
-0.2623630095125974502 11.73604032806047837
-0.25236300951259745 11.47862467202666261
-0.2423630095125974498 11.22425124165871453
-0.2323630095125974496 10.97292003695663411
-0.2223630095125974494 10.72463105792042137
-0.2123630095125974492 10.47938430455007629
-0.202363009512597449 10.23717977684559889
-0.1923630095125974488 9.998017474806989153
-0.1823630095125974486 9.761897398434247089
-0.1723630095125974483 9.528819547727372694
-0.1623630095125974481 9.29878392268636597
-0.1523630095125974479 9.071790523311226915
-0.1423630095125974477 8.847839349601955531
-0.1323630095125974475 8.626930401558551818
-0.1223630095125974473 8.409063679181015775
-0.1123630095125974471 8.194239182469347401
-0.1023630095125974469 7.982456911423546698
-0.09236300951259744668 7.773716866043613665
-0.08236300951259744647 7.568019046329548302
-0.07236300951259744626 7.365363452281350609
-0.06236300951259744605 7.165750083899020587
-0.05236300951259744585 6.969178941182558234
-0.04236300951259744564 6.775650024131963552
-0.03236300951259744543 6.58516333274723654
-0.02236300951259744522 6.397718867028377198
-0.01236300951259744501 6.213316626975385526
-0.002363009512597444804 6.031956612588261525
0.007636990487402555404 5.853638823867005193
0.01763699048740255561 5.678363260811616532
0.02763699048740255582 5.506129923422095541
0.03763699048740255603 5.336938811698442221
0.04763699048740255624 5.17078992564065657
0.05763699048740255644 5.007683265248738589
0.06763699048740255665 4.847618830522688279
0.07763699048740255686 4.690596621462505639
0.08763699048740255707 4.536616638068190669
0.09763699048740255728 4.385678880339743369
0.1076369904874025575 4.237783348277163739
0.1176369904874025577 4.09293004188045178
0.1276369904874025579 3.951118961149607491
0.1376369904874025581 3.812350106084630872
0.1476369904874025583 3.676623476685521922
0.1576369904874025585 3.543939072952280644
0.1676369904874025587 3.414296894884907035
0.1776369904874025589 3.287696942483401097
0.1876369904874025592 3.164139215747762828
0.1976369904874025594 3.04362371467799223
0.2076369904874025596 2.926150439274089302
0.2176369904874025598 2.811719389536054045
0.22763699048740256 2.700330565463886457
0.2376369904874025602 2.59198396705758654
0.2476369904874025604 2.486679594317154292
0.2576369904874025606 2.384417447242589715
0.2676369904874025608 2.285197525833892808
0.277636990487402561 2.189019830091063572
0.2876369904874025612 2.095884360014102005
0.2976369904874025614 2.005791115603008109
0.3076369904874025616 1.918740096857781883
0.3176369904874025619 1.834731303778423327
0.3276369904874025621 1.753764736364932441
0.3376369904874025623 1.675840394617309225
0.3476369904874025625 1.60095827853555368
0.3576369904874025627 1.529118388119665804
0.3676369904874025629 1.460320723369645599
0.3776369904874025631 1.394565284285493064
0.3876369904874025633 1.331852070867208199
0.3976369904874025635 1.272181083114791005
0.4076369904874025637 1.21555232102824148
0.4176369904874025639 1.161965784607559626
0.4276369904874025641 1.111421473852745442
0.4376369904874025644 1.063919388763798928
0.4476369904874025646 1.019459529340720084
0.4576369904874025648 0.9780418955835089103
0.467636990487402565 0.9396664874921654068
0.4776369904874025652 0.9043333050666895735
0.4876369904874025654 0.8720423483070814104
0.4976369904874025656 0.8427936172133409175
0.5076369904874025658 0.8165871117854680947
0.517636990487402566 0.7934228320234629421
0.5276369904874025662 0.7733007779273254597
0.5376369904874025664 0.7562209494970556474
0.5476369904874025666 0.7421833467326535053
0.5576369904874025669 0.7311879696341190334
0.5676369904874025671 0.7232348182014522317
0.5776369904874025673 0.7183238924346531001
bc
0.4345675069148581687 1.078176487797763927
0.4445675069148581689 1.032782822204149709
0.4545675069148581691 0.9904313822764031601
0.4645675069148581693 0.9511221680145242818
0.4745675069148581695 0.9148551794185130736
0.4845675069148581697 0.8816304164883695355
0.49456750691485817 0.8514478792240936677
0.5045675069148581702 0.8243075676256854701
0.5145675069148581704 0.8002094816931449426
0.5245675069148581706 0.7791536214264720852
0.5345675069148581708 0.7611399868256668981
0.544567506914858171 0.7461685778907293811
0.5545675069148581712 0.7342393946216595343
0.5645675069148581714 0.7253524370184573577
0.5745675069148581716 0.7195077050811228512
0.5845675069148581718 0.716705198809656015
0.594567506914858172 0.7169449182040568488
0.6045675069148581722 0.7202268632643253529
0.6145675069148581725 0.7265510339904615271
0.6245675069148581727 0.7359174303824653715
0.6345675069148581729 0.748326052440336886
0.6445675069148581731 0.7637769001640760708
0.6545675069148581733 0.7822699735536829257
bc
0.6632608810507797613 0.800818631719069044
0.6732608810507797615 0.7769948785604029379
0.6832608810507797617 0.7569454880293084185
0.6932608810507797619 0.7406704601257854858
0.7032608810507797621 0.7281697948498341399
bc
0.5908169713393488221 1.08612023426032976
0.6008169713393488223 1.0991189964444718
0.6108169713393488225 1.112460325767216367
0.6208169713393488227 1.126144222228563462
0.6308169713393488229 1.140170685828513084
0.6408169713393488231 1.154539716567065233
0.6508169713393488233 1.169251314444219909
0.6608169713393488235 1.184305479459977113
0.6708169713393488237 1.199702211614336844
0.6808169713393488239 1.215441510907299102
0.6908169713393488242 1.231523377338863888
0.7008169713393488244 1.247947810909031201
0.7108169713393488246 1.264714811617801042
0.7208169713393488248 1.281824379465173409
0.730816971339348825 1.299276514451148304
0.7408169713393488252 1.317071216575725727
0.7508169713393488254 1.335208485838905676
0.7608169713393488256 1.353688322240688153
0.7708169713393488258 1.372510725781073158
0.780816971339348826 1.391675696460060689
0.7908169713393488262 1.411183234277650748
0.8008169713393488264 1.431033339233843335
0.8108169713393488267 1.451226011328638448
0.8208169713393488269 1.471761250562036089
0.8308169713393488271 1.492639056934036258
bc
-0.1605310349582710198 1.089266745652464698
-0.1505310349582710196 1.076526794175397808
-0.1405310349582710194 1.064129409836933444
-0.1305310349582710192 1.052074592637071608
-0.120531034958271019 1.040362342575812299
-0.1105310349582710188 1.028992659653155518
-0.1005310349582710185 1.017965543869101264
-0.09053103495827101834 1.007280995223649537
-0.08053103495827101813 0.9969390137168003378
-0.07053103495827101792 0.9869395993485536657
-0.06053103495827101771 0.9772827521189095209
-0.0505310349582710175 0.9679684720278679034
-0.0405310349582710173 0.9589967590754288133
-0.03053103495827101709 0.9503676132615922505
-0.02053103495827101688 0.942081034586358215
-0.01053103495827101667 0.9341370230497267068
-0.0005310349582710164641 0.926535578651697726
0.009468965041728983744 0.9192767013922712725
0.01946896504172898395 0.9123603912714473463
0.02946896504172898416 0.9057866482892259475
0.03946896504172898437 0.8995554724456070759
0.04946896504172898458 0.8936668637405907317
0.05946896504172898478 0.8881208221741769148
0.06946896504172898499 0.8829173477463656253
0.0794689650417289852 0.8780564404571568631
0.08946896504172898541 0.8735381003065506282
0.09946896504172898562 0.8693623272945469206
0.1094689650417289858 0.8655291214211457404
0.119468965041728986 0.8620384826863470875
0.1294689650417289862 0.8588904110901509618
0.1394689650417289865 0.8560849066325573636
0.1494689650417289867 0.8536219693135662926
0.1594689650417289869 0.851501599133177749
0.1694689650417289871 0.8497237960913917327
0.1794689650417289873 0.8482885601882082438
0.1894689650417289875 0.8471958914236272821
0.1994689650417289877 0.8464457897976488478
0.2094689650417289879 0.8460382553102729408
0.2194689650417289881 0.8459732879614995611
0.2294689650417289883 0.8462508877513287088
0.2394689650417289885 0.8468710546797603838
0.2494689650417289887 0.8478337887467945861
0.2594689650417289889 0.8491390899524313157
0.2694689650417289892 0.8507869582966705727
0.2794689650417289894 0.852777393779512357
0.2894689650417289896 0.8551103964009566686
0.2994689650417289898 0.8577859661610035076
0.30946896504172899 0.8608041030596528738
0.3194689650417289902 0.8641648070969047675
0.3294689650417289904 0.8678680782727591884
0.3394689650417289906 0.8719139165872161366
0.3494689650417289908 0.8763023220402756122
0.359468965041728991 0.8810332946319376151
0.3694689650417289912 0.8861068343622021453
0.3794689650417289914 0.8915229412310692029
0.3894689650417289917 0.8972816152385387877
0.3994689650417289919 0.9033828563846109
0.4094689650417289921 0.9098266646692855395
0.4194689650417289923 0.9166130400925627063
0.4294689650417289925 0.9237419826544424005
0.4394689650417289927 0.931213492354924622
0.4494689650417289929 0.9390275691940093708
0.4594689650417289931 0.947184213171696647
0.4694689650417289933 0.9556834242879864505
0.4794689650417289935 0.9645252025428787813
0.4894689650417289937 0.9737095479363736395
0.4994689650417289939 0.9832364604684710249
0.5094689650417289942 0.9931059401391709377
0.5194689650417289944 1.003317986948473378
0.5294689650417289946 1.013872600896378345
0.5394689650417289948 1.02476978198288584
0.549468965041728995 1.036009530207995862
0.5594689650417289952 1.047591845571708412
0.5694689650417289954 1.059516728074023488
0.5794689650417289956 1.071784177714941092
0.5894689650417289958 1.084394194494461224
0.599468965041728996 1.097346778412583882
0.6094689650417289962 1.110641929469309068
0.6194689650417289964 1.124279647664636782
0.6294689650417289967 1.138259932998567023
0.6394689650417289969 1.152582785471099791
0.6494689650417289971 1.167248205082235086
0.6594689650417289973 1.182256191831972909
0.6694689650417289975 1.197606745720313259
0.6794689650417289977 1.213299866747256136
0.6894689650417289979 1.229335554912801541
0.6994689650417289981 1.245713810216949473
0.7094689650417289983 1.262434632659699932
0.7194689650417289985 1.279498022241052919
0.7294689650417289987 1.296903978961008432
0.7394689650417289989 1.314652502819566474
0.7494689650417289991 1.332743593816727042
0.7594689650417289994 1.351177251952490138
0.7694689650417289996 1.369953477226855762
bc
0.07296630865562783827 1.089994168881038859
0.08296630865562783848 1.076912950065095483
0.09296630865562783869 1.064185293669695945
0.1029663086556278389 1.051811199694840244
0.1129663086556278391 1.039790668140528381
0.1229663086556278393 1.028123699006760356
0.1329663086556278395 1.016810292293536169
0.1429663086556278397 1.00585044800085582
0.1529663086556278399 0.9952441661287193082
0.1629663086556278401 0.9849914466771266345
0.1729663086556278404 0.9750922896460777987
0.1829663086556278406 0.9655466950355728006
0.1929663086556278408 0.9563546628456116404
0.202966308655627841 0.9475161930761943179
0.2129663086556278412 0.9390312857273208333
0.2229663086556278414 0.9308999407989911866
0.2329663086556278416 0.9231221582912053776
0.2429663086556278418 0.9156979382039634065
0.252966308655627842 0.9086272805372652732
0.2629663086556278422 0.9019101852911109777
0.2729663086556278424 0.89554665246550052
0.2829663086556278426 0.8895366820604339002
0.2929663086556278429 0.8838802740759111181
0.3029663086556278431 0.8785774285119321739
0.3129663086556278433 0.8736281453684970675
0.3229663086556278435 0.869032424645605799
bc
-0.5353266910935609583 2.289804964378928573
-0.5253266910935609581 2.257591936389292712
-0.5153266910935609579 2.225740385478827596
-0.5053266910935609577 2.194250311647533226
-0.4953266910935609575 2.163121714895409603
-0.4853266910935609573 2.132354595222456725
-0.4753266910935609571 2.101948952628674594
-0.4653266910935609569 2.071904787114063208
-0.4553266910935609566 2.042222098678622568
-0.4453266910935609564 2.012900887322352674
-0.4353266910935609562 1.983941153045253526
-0.425326691093560956 1.955342895847325124
-0.4153266910935609558 1.927106115728567469
-0.4053266910935609556 1.899230812688980559
-0.3953266910935609554 1.871716986728564395
-0.3853266910935609552 1.844564637847318977
-0.375326691093560955 1.817773766045244305
-0.3653266910935609548 1.791344371322340379
-0.3553266910935609546 1.765276453678607199
-0.3453266910935609544 1.739570013114044765
-0.3353266910935609542 1.714225049628653077
-0.3253266910935609539 1.689241563222432135
-0.3153266910935609537 1.664619553895381939
-0.3053266910935609535 1.64035902164750249
-0.2953266910935609533 1.616459966478793785
-0.2853266910935609531 1.592922388389255828
-0.2753266910935609529 1.569746287378888615
-0.2653266910935609527 1.546931663447692149
-0.2553266910935609525 1.524478516595666429
-0.2453266910935609523 1.502386846822811455
-0.2353266910935609521 1.480656654129127227
-0.2253266910935609519 1.459287938514613745
-0.2153266910935609517 1.438280699979271009
-0.2053266910935609514 1.417634938523099019
-0.1953266910935609512 1.397350654146097775
-0.185326691093560951 1.377427846848267276
-0.1753266910935609508 1.357866516629607524
-0.1653266910935609506 1.338666663490118518
-0.1553266910935609504 1.319828287429800258
-0.1453266910935609502 1.301351388448652743
-0.13532669109356095 1.283235966546675975
-0.1253266910935609498 1.265482021723869953
-0.1153266910935609496 1.248089553980234677
-0.1053266910935609494 1.231058563315770146
-0.09532669109356094915 1.214389049730476362
-0.08532669109356094895 1.198081013224353324
-0.07532669109356094874 1.182134453797401031
-0.06532669109356094853 1.166549371449619485
-0.05532669109356094832 1.151325766181008685
-0.04532669109356094811 1.13646363799156863
-0.03532669109356094791 1.121962986881299322
-0.0253266910935609477 1.107823812850200759
-0.01532669109356094749 1.094046115898272943
-0.005326691093560947281 1.080629896025515872
0.004673308906439052927 1.067575153231929548
0.01467330890643905313 1.054881887517513969
0.02467330890643905334 1.042550098882269137
0.03467330890643905355 1.03057978732619505
0.04467330890643905376 1.01897095284929171
0.05467330890643905397 1.007723595451559115
0.06467330890643905418 0.9968377151329972666
0.07467330890643905438 0.986313311893606164
0.08467330890643905459 0.9761503857333858074
0.0946733089064390548 0.9663489366523361968
0.104673308906439055 0.9569089646504573322
0.1146733089064390552 0.9478304697277492135
0.1246733089064390554 0.9391134518842118408
0.1346733089064390556 0.9307579111198452141
0.1446733089064390558 0.9227638474346493334
0.154673308906439056 0.9151312608286241987
0.1646733089064390563 0.90786015130176981
0.1746733089064390565 0.9009505188540861672
0.1846733089064390567 0.8944023634855732704
0.1946733089064390569 0.8882156851962311196
0.2046733089064390571 0.8823904839860597148
0.2146733089064390573 0.876926759855059056
0.2246733089064390575 0.8718245128032291432
0.2346733089064390577 0.8670837428305699763
0.2446733089064390579 0.8627044499370815555
0.2546733089064390581 0.8586866341227638806
0.2646733089064390583 0.8550302953876169517
bc
0.2745859274555610421 0.851762659191576715
0.2845859274555610423 0.853928384991662812
bc
0.2905803945855962909 0.8553908459910174754
0.3005803945855962911 0.8581044896749244077
0.3105803945855962913 0.8611607004974338673
0.3205803945855962915 0.8645594784585458542
0.3305803945855962917 0.8683008235582603685
0.3405803945855962919 0.8723847357965774101
0.3505803945855962922 0.876811215173496979
0.3605803945855962924 0.8815802616890190753
0.3705803945855962926 0.8866918753431436989
0.3805803945855962928 0.8921460561358708497
0.390580394585596293 0.897942804067200528
0.4005803945855962932 0.9040821191371327336
0.4105803945855962934 0.9105640013456674664
0.4205803945855962936 0.9173884506928047267
0.4305803945855962938 0.9245554671785445142
bc
-0.02643458309997815981 2.034222479777840007
-0.0164345830999781596 1.998096829478474124
-0.00643458309997815939 1.962504979862180146
0.003565416900021840818 1.927446930928958073
0.01356541690002184103 1.892922682678807905
0.02356541690002184123 1.858932235111729643
0.03356541690002184144 1.825475588227723286
0.04356541690002184165 1.792552742026788834
0.05356541690002184186 1.760163696508926287
0.06356541690002184207 1.728308451674135646
0.07356541690002184227 1.69698700752241691
0.08356541690002184248 1.666199364053770079
0.09356541690002184269 1.635945521268195153
0.1035654169000218429 1.606225479165692133
0.1135654169000218431 1.577039237746261018
0.1235654169000218433 1.548386797009901808
0.1335654169000218435 1.520268156956614504
0.1435654169000218437 1.492683317586399105
0.1535654169000218439 1.46563227889925561
0.1635654169000218441 1.439115040895184022
0.1735654169000218444 1.413131603574184338
0.1835654169000218446 1.38768196693625656
0.1935654169000218448 1.362766130981400687
0.203565416900021845 1.338384095709616719
0.2135654169000218452 1.314535861120904657
0.2235654169000218454 1.2912214272152645
0.2335654169000218456 1.268440793992696248
0.2435654169000218458 1.246193961453199901
0.253565416900021846 1.22448092959677546
0.2635654169000218462 1.203301698423422924
0.2735654169000218464 1.182656267933142293
0.2835654169000218466 1.162544638125933567
0.2935654169000218469 1.142966809001796747
0.3035654169000218471 1.123922780560731831
0.3135654169000218473 1.105412552802738822
0.3235654169000218475 1.087436125727817717
0.3335654169000218477 1.069993499335968518
0.3435654169000218479 1.053084673627191224
0.3535654169000218481 1.036709648601485835
0.3635654169000218483 1.020868424258852351
0.3735654169000218485 1.005561000599290773
0.3835654169000218487 0.9907873776228010998
0.3935654169000218489 0.976547555329383332
0.4035654169000218491 0.9628415337190374695
0.4135654169000218494 0.9496693127917635122
0.4235654169000218496 0.9370308925475614602
bc
0.4326140405227611921 0.9260549013894421703
0.4426140405227611923 0.9336341510407470086
0.4526140405227611925 0.9415559678306543742
0.4626140405227611928 0.9498203517591642672
0.472614040522761193 0.9584273028262766874
0.4826140405227611932 0.967376821031991635
0.4926140405227611934 0.9766689063763091099
0.5026140405227611936 0.9863035588592291122
0.5126140405227611938 0.9962807784807516417
0.522614040522761194 1.006600565240876699
0.5326140405227611942 1.017262919139604283
0.5426140405227611944 1.028267840176934394
0.5526140405227611946 1.039615328352867033
0.5626140405227611948 1.051305383667402199
0.572614040522761195 1.063338006120539893
0.5826140405227611952 1.075713195712280114
0.5926140405227611955 1.088430952442622862
0.6026140405227611957 1.101491276311568138
bc
0.6089773386973514878 1.109980298052937681
0.618977338697351488 1.076270270984238778
0.6289773386973514882 1.044133514280733625
0.6389773386973514884 1.013570027942422221
0.6489773386973514886 0.9845798119693045661
0.6589773386973514888 0.9571628663613806606
0.668977338697351489 0.9313191911186505045
0.6789773386973514892 0.9070487862411140977
0.6889773386973514895 0.8843516517287714402
0.6989773386973514897 0.863227787581622532
0.7089773386973514899 0.8436771937996673731
0.7189773386973514901 0.8256998703829059636
0.7289773386973514903 0.8092958173313383033
0.7389773386973514905 0.7944650346449643924
0.7489773386973514907 0.7812075223237842308
0.7589773386973514909 0.7695232803677978186
0.7689773386973514911 0.7594123087770051556
0.7789773386973514913 0.750874607551406242
0.7889773386973514915 0.7439101766910010777
bc
0.5600535637719115895 1.297579386359848863
0.5700535637719115897 1.256172326766789598
0.5800535637719115899 1.216338537538924082
0.5900535637719115901 1.178078018676252316
0.6000535637719115903 1.141390770178774299
bc
0.5736058605725916952 1.064550098916950437
0.5836058605725916954 1.031657721267081664
0.5936058605725916956 1.000464017269274179
0.6036058605725916958 0.9709689869235279829
0.613605860572591696 0.9431726302298430746
0.6236058605725916962 0.9170749471882194545
0.6336058605725916964 0.8926759377986571227
0.6436058605725916967 0.8699756020611560789
0.6536058605725916969 0.8489739399757163234
0.6636058605725916971 0.8296709515423378561
0.6736058605725916973 0.8120666367610206769
0.6836058605725916975 0.796160995631764786
0.6936058605725916977 0.7819540281545701832
0.7036058605725916979 0.7694457343294368687
0.7136058605725916981 0.7586361141563648423
0.7236058605725916983 0.7495251676353541042
0.7336058605725916985 0.7421128947664046541
0.7436058605725916987 0.7363992955495164923
0.7536058605725916989 0.7323843699846896187
bc
0.5054229849497672211 1.334095669223049011
0.5154229849497672213 1.289621246138953855
0.5254229849497672215 1.246845496706919988
0.5354229849497672217 1.205768420926947409
0.5454229849497672219 1.166390018799036118
0.5554229849497672221 1.128710290323186115
0.5654229849497672223 1.092729235499397401
bc
0.5736058605725916952 1.064550098916950436
0.5836058605725916954 1.076959265004338562
0.5936058605725916956 1.089710998230329215
0.6036058605725916958 1.102805298594922396
0.613605860572591696 1.116242166098118104
0.6236058605725916962 1.130021600739916339
0.6336058605725916964 1.144143602520317102
0.6436058605725916967 1.158608171439320391
0.6536058605725916969 1.173415307496926209
0.6636058605725916971 1.188565010693134553
0.6736058605725916973 1.204057281027945425
0.6836058605725916975 1.219892118501358824
0.6936058605725916977 1.236069523113374751
0.7036058605725916979 1.252589494863993204
0.7136058605725916981 1.269452033753214186
0.7236058605725916983 1.286657139781037694
0.7336058605725916985 1.30420481294746373
0.7436058605725916987 1.322095053252492293
0.7536058605725916989 1.340327860696123383
0.7636058605725916992 1.358903235278357001
0.7736058605725916994 1.377821176999193146
0.7836058605725916996 1.397081685858631819
bc
0.7916653145167693684 1.412853906368095211
0.8016653145167693686 1.323172165566698095
0.8116653145167693688 1.239592193810671534
0.821665314516769369 1.162113991100015527
0.8316653145167693692 1.090737557434730076
0.8416653145167693694 1.02546289281481518
0.8516653145167693697 0.9662899972402708394
0.8616653145167693699 0.9132188707110970536
0.8716653145167693701 0.8662495132272938229
0.8816653145167693703 0.8253819247888611474
0.8916653145167693705 0.790616105395799027
0.9016653145167693707 0.7619520550481074616
0.9116653145167693709 0.7393897737457864514
0.9216653145167693711 0.7229292614888359963
0.9316653145167693713 0.7125705182772560964
