e
-0.05841456336813834328 -0.05841456336813834328
-0.05841456336813834328 -0.05841456336813834328
e
-1.379941922753630581 -1.379941922753630581
-1.379941922753630581 -1.379941922753630581
e
-0.5830717984122613637 -0.5830717984122613637
-0.5830717984122613637 -0.5830717984122613637
e
0.1645233455369112248 0.1645233455369112248
0.1645233455369112248 0.1645233455369112248
e
0.4109343705116165693 0.4109343705116165693
0.4109343705116165693 0.4109343705116165693
e
0.5306824502912606415 0.5306824502912606415
0.5306824502912606415 0.5306824502912606415
e
0.4921166628286510024 0.4921166628286510024
0.4921166628286510024 0.4921166628286510024
e
0.684111884263520859 0.684111884263520859
0.684111884263520859 0.684111884263520859
e
0.3498747154951688989 0.3498747154951688989
0.3498747154951688989 0.3498747154951688989
e
0.2938671110204351186 0.2938671110204351186
0.2938671110204351186 0.2938671110204351186
e
0.4561010541986417897 0.4561010541986417897
0.4561010541986417897 0.4561010541986417897
ec
0.08415995313002440673 0.9854196192422394413
0.101957074507426381 1.185294441538984315
0.1109290406616364287 1.1587209035135292
0.1199883348523122248 1.134388152212805891
0.1291349570794537694 1.112296187636814389
0.1383689073430610625 1.092445009785554692
0.1476901856431341041 1.074834618659026802
0.1570987919796728942 1.059465014257230718
0.1665947263526774327 1.046336196580166441
0.1761779887621477197 1.03544816562783397
0.1858485792080837552 1.026800921400233305
0.1956064976904855391 1.020394463897364447
