0.190604392062223 0.218809347235975
0.205036765059939 0.212261847319203
0.211123785102332 0.207231984570265
0.198030751290745 0.226916823641824
0.215490705899657 0.206629220492500
0.218537226421077 0.208652294338053
0.220578722758488 0.208934857141662
0.216095820169941 0.210613034763659
0.210603200928589 0.212887762679201
0.211402038676386 0.217460627303208
0.211196014755962 0.217424566958763
0.213465743797582 0.225366669811945
0.225745407038250 0.221819188083438
0.222467008616061 0.218490148064909
0.231011069952981 0.219465330345307
0.234428281073658 0.210175854251802
0.238155650551503 0.212349398626177
0.237897796201472 0.217724145491479
0.238655510935306 0.219294136026545
0.243267634531142 0.224519894097242
0.243706074656782 0.224980582587878
0.245100129975518 0.223652254428553
0.241760072876588 0.248160775866434
0.245013867618988 0.258299309414951
0.244250265063834 0.241010991968685
0.246770786236399 0.245824753886938
0.246897781848394 0.232770435154797
0.247537674963259 0.244745820874696
0.247296313870371 0.250505853095327
0.248399326693453 0.251904827659905
0.258438266934100 0.251036421512736
0.253209063901198 0.245483663047423
0.249931914382582 0.244636398854030
0.249239516094904 0.230967209781970
0.251605320839028 0.212380562542184
0.245761075637192 0.214059764619013
0.247332291327106 0.201929141861354
0.240643301625104 0.202562985104771
0.229309662351995 0.197715078572610
0.238570115640094 0.206840928740260
0.240945188906484 0.212709567142981
0.238077933079599 0.207089463810944
0.233262864050112 0.209029175438466
0.230929737086841 0.207828498542229
0.233041918945053 0.207932030413268
0.229727338640824 0.205586656558135
0.235334906371001 0.207190632450949
0.233891566392915 0.205237865543569
0.227702501335974 0.196451517844783
0.255985806815320 0.200089211668861
0.257245348886235 0.200226299557940
0.228996283947023 0.195507283413553
0.224214059870790 0.196815907581158
0.223258466098112 0.198412395174807
0.190604392062223 0.218809347235975