-0.99898956218338 0.001457382459871999977
-0.98280973094297 0.02841547735310800005
-0.975180500495564 0.01705019860740200003
-0.862458879384194 -0.346643625512554
-0.846137753965398 -0.348106538486018
-0.861006628424398 -0.293722536813572
-0.86890073105758 -0.273594092501372
-0.859175112527644 -0.340706537461702
-0.86902650905262 -0.322912673034198
-0.932516027472456 -0.059127977494676
-0.95895440292496 0.001586398692609999992
-0.942361938041804 0.02528905322555800004
-0.970776958319254 0.02457709940479999998
-0.978964711180406 0.02604123916292600005
-0.982501671903302 0.052227429516952
-0.9682144720716 0.03015694931622399995
-0.93943835285699 0.04885033025585599998
-0.939441818250084 0.05920308679770799995
-0.958233561580178 0.04611496853577599995
-0.92848671448463 0.315271525936094
-0.929769394071666 0.324620422185222
-0.915452819481936 0.336063328530204
-0.859244444458394 0.201792812912862
-0.882422814876736 0.05366752339930600001
-0.67906543335601 0.09869022500290999995
-0.878226106900594 -0.007092430812581999996
-0.684622236176916 -0.05962906544894400001
-0.677066006168986 -0.052551366442372
-0.669167293692784 -0.04757707216081999999
-0.683613485800388 -0.04297237359242199998
-0.68255678398188 -0.01487749955378400002
-0.672108638646132 -0.009216756767927999992
-0.673631699167254 0.06501944098389600001
-0.664399719524384 -0.01618175479987800001
-0.499733972275738 -0.08494791532165800002
-0.440310195031488 -0.08130592393865999998
-0.328427995271482 -0.137452614965128
-0.341797479325578 -0.184638205652422
-0.410857031953454 -0.205637467946222
-0.389701893821918 -0.249185071501036
-0.40256875766328 -0.232602950643098
-0.407823842063232 -0.237559938302758
-0.474041316442444 -0.113713676104654
-0.461503983340926 -0.110955202654448
-0.458452510278882 -0.108049724970734
-0.698139947989556 -0.09645531141848999999
-0.701726980339376 -0.119722487198758
-0.713101233484038 -0.118583513799162
-0.812617569638006 -0.135360483201388
-0.740696335672726 -0.104580971286436
-0.728866520036882 -0.118088694169694
-0.705367181574864 -0.09921726135034999999
-0.701644934836842 -0.06551270748745400001
-0.707162807239062 -0.06332663216783
-0.879103464542004 -0.010600117360288
-0.91361566329194 0.03384442180806999999
-0.918638241905084 0.03655858482190400003
-0.929355864583914 0.03605646202273599999
-0.91370031905882 -0.05195600265378800002
-0.93163042005926 -0.049751416745014
-0.861811898759012 -0.157871559597724
-0.849281742080014 -0.13791390785501
-0.826320838276912 -0.126566995634496
-0.828391966155448 -0.152031489456786
-0.8197488672483 -0.15151576105343
-0.83592035415858 -0.180006836159158
-0.83433631188671 -0.316333152966728
-0.831295973804684 -0.319930848116022
-0.831033963980634 -0.344540455975588
-0.818709787566312 -0.177385002253524
-0.799778236827012 -0.289425790240954
-0.797632424444954 -0.29845926735362
-0.804800329609914 -0.276098982792394
-0.82191718576798 -0.306919194697132
-0.819676865943324 -0.328890553101148
-0.820364853225352 -0.356202215413192
-0.798249485692126 -0.387896476319478
-0.72520105146696 -0.130585864101576
-0.713206081051942 -0.137899708707304
-0.759665270602408 -0.29072281816193
-0.75065550350731 -0.401680869295578
-0.739720460808472 -0.409532050530906
-0.729787958834688 -0.405099367969716
-0.716465220712808 -0.402895955498282
-0.698033407189898 -0.171554539752684
-0.70223236780252 -0.157877062055226
-0.692280465011616 -0.108694794813028
-0.653800002574594 -0.127912560537416
-0.662472167448128 -0.140783573973824
-0.669882240696988 -0.149514924513416
-0.68956840966808 -0.16409647574257
-0.652199893707736 -0.173970214899848
-0.649093707656298 -0.177475747793204
-0.643027064457082 -0.182756832915012
-0.471192576705334 -0.252367100795902
-0.436094255884454 -0.241759131134842
-0.424603067536188 -0.245858153675616
-0.334003559964012 -0.44006946176643
-0.324105108453242 -0.176863235998602
-0.322724650647828 -0.148794771299602
-0.283185309600404 -0.18989741298831
-0.282119121912224 -0.207154584621152
-0.284065866538588 -0.191530119280344
-0.307521535634306 -0.190246428771758
-0.303398159008192 -0.244350666177622
-0.316892161821896 -0.439772929298818
-0.158587934144814 -0.567676936482394
-0.124264793120914 -0.500313665950816
-0.03693159182413000002 -0.242690742448992
-0.114077236381862 -0.560512222086784
-0.115634652927114 -0.54376217803511
-0.158335126020636 -0.592615157758172
-0.168674819541012 -0.59029508752995
-0.183071615230558 -0.607249337211134
-0.448955403704408 -0.727296600864406
-0.453156914249136 -0.718593585785056
-0.43857368110962 -0.713828300283676
-0.334860280981456 -0.461083457699782
-0.33471881433377 -0.457320481256964
-0.325655702391246 -0.469911012871848
-0.326138315699594 -0.45324551445816
-0.471688349688978 -0.308275997025554
-0.660649318206426 -0.385643264283726
-0.635350315312552 -0.396693349534968
-0.686664891807206 -0.390004616266818
-0.675925954617992 -0.406416669851828
-0.655988229685924 -0.412116063543184
-0.457390457721144 -0.585509634005376
-0.437531630479512 -0.569529281001086
-0.448984745633316 -0.598094314178728
-0.441419585464252 -0.61417136431051
-0.473488374106114 -0.69549482543161
-0.479065857264942 -0.702403060080206
-0.573624677961284 -0.760422938566386
-0.498181820526106 -0.710789550572302
-0.482634725011948 -0.68989395181527
-0.469156852414206 -0.57788485376648
-0.607371002864032 -0.761736734251834
-0.64302329690802 -0.58403871381145
-0.67601799408487 -0.60389241225966
-0.682400236485946 -0.578307196476174
-0.683702610344022 -0.573400319675402
-0.63086302372085 -0.572875688555826
-0.677631266905288 -0.432148062039468
-0.694663757810912 -0.435435564896528
-0.754803243735714 -0.422585857064736
-0.71662404316786 -0.434239492109856
-0.76414522916388 -0.424451125721424
-0.785009323664712 -0.404150469271304
-0.765707912047258 -0.409792405423844
-0.794710298700822 -0.399721891165116
-0.67873458395071 -0.597917288412768
-0.829540539133382 -0.365257729597044
-0.62319588792077 -0.793312244399364
-0.586100986762252 -0.77372432023926
-0.6009826223778 -0.79244097356216
-0.595467815045486 -0.79542037573197
-0.579203768903018 -0.80977714850324
-0.341612714938406 -0.926520879317084
-0.567961678930074 -0.78864455361671
-0.592633637497264 -0.79686025296541
-0.455286484540108 -0.733048849003646
-0.35984610980835 -0.88062468174292
-0.358815297884314 -0.881830800822624
-0.307636066657788 -0.912397163355442
-0.294275002312742 -0.896341730995962
-0.248059594449848 -0.888275195967068
-0.300670690014106 -0.915102165734908
-0.335957168146716 -0.932179325403264
-0.201930795104444 -0.926448714273958
-0.19302525080532 -0.925587011466542
-0.260255724138234 -0.905346017083082
-0.216903986364792 -0.883711111270222
-0.203792737746282 -0.900288230460272
-0.24089362140088 -0.797758915163698
-0.187926296988934 -0.800678342429772
-0.192453509635504 -0.919032115946306
0.02286218841227800002 -0.876275480259804
0.01610336299222199995 -0.622374880097282
-0.148172826720714 -0.614540015022288
-0.254962269364606 -0.741384312157232
-0.24214189403208 -0.796043251662536
-0.286411947675008 -0.725724601815792
-0.302478310763826 -0.701440102456342
-0.290095097025668 -0.71033296121067
-0.258315678660672 -0.693661655244028
-0.30656167430876 -0.69588983399835
-0.168908648649886 -0.614460609644634
-0.179376298150456 -0.624258616356766
-0.149553717911268 -0.5997208223153
-0.130825512754184 -0.605395842305336
-0.09548631486622 -0.600000464142068
-0.106169526834818 -0.594804453533052
-0.114304989076594 -0.584740875881278
-0.09520765284900999998 -0.549057212710174
-0.09274299819615799999 -0.558890210462916
0.04580852758177000005 -0.430297204028022
0.05943780505770799997 -0.40990206708545
0.04839836843237199995 -0.413044689590132
0.05431007776842999998 -0.397741595730298
0.06992394922763199995 -0.372323312766302
0.08047019900659599996 -0.36287861820328
0.103428593390122 -0.332854943272124
0.099749989824952 -0.328589595017764
0.147686773310502 -0.350894128688794
0.162223400856472 -0.35803648400844
0.13748837935272 -0.337941344519118
0.182623329308174 -0.337133460427696
0.158428547279178 -0.323450361267174
0.159803542819482 -0.320343077884914
0.17881099893889 -0.313637687650574
0.179643611711052 -0.322567590691646
0.312869728222894 -0.39938623424358
0.322452123281524 -0.380642130187778
0.320574580986554 -0.377928415314726
0.32520409545987 -0.377004978597166
0.3363375867013060001 -0.377278166533112
0.161057799343746 -0.23611316934047
0.18393971686435 -0.240085344291332
0.16403488083232 -0.205334226841962
0.154664613087506 -0.209806697977384
0.158746569549546 -0.20523436022002
0.155490699471204 -0.20468265156596
0.06737188139458799997 -0.331660078294416
0.06364374631137800005 -0.31378230580654
0.06922234126563199996 -0.367056561717558
0.05655477693376799995 -0.306847720229694
0.01631423703688800002 -0.405089793740814
-0.09628459172499600002 -0.548780457925182
0.00991419985537199996 -0.400399684161134
0.006506914101311999949 -0.395177531996824
0.008774265127152000034 -0.375676916766994
0.02540164276161400005 -0.290290090710758
0.04343498153888400003 -0.311725089733594
0.05045995319399999997 -0.29207329439445
0.05886920599563400002 -0.263117184810394
0.052872220573654 -0.27170618473166
0.01376028007420800005 -0.27365886054405
0.01844687949910199997 -0.268306606341296
0.03570883460841600004 -0.2533931439409
0.0007424363869900000136 -0.269193266032586
-0.0007810746323219999732 -0.196943951454918
-0.003135838314487999991 -0.181863565286326
-0.004211234134488000007 -0.184342582446682
-0.006436402883351999976 -0.19539373601223
-0.045821838800712 -0.177777009342228
-0.02530912357629600001 -0.216493665079584
-0.009557001006118000014 -0.239789810754494
-0.04126827743778399999 -0.214765448601574
-0.05731016272088 -0.183784469494728
-0.109227392640536 -0.146334138417772
-0.063475414208824 -0.173034008789358
-0.07558538168695999999 -0.154927549315582
-0.059387421525032 -0.178976312304836
-0.02478590439995000003 -0.130763170835918
-0.08375987120497000002 -0.127243588213922
-0.07981049043234 -0.130774331631034
-0.05108231192039399998 -0.132165612452508
-0.06951827195334199999 -0.13838629323332
-0.124885622644744 -0.148375119471864
-0.105679313526806 -0.130873424411226
-0.211196954635064 -0.119822235542732
-0.213067707675774 -0.09567028428226199998
-0.212318408343624 -0.07387553624523600002
-0.214431649493954 -0.07790626143822799998
-0.218815335232678 0.07388571760914599998
-0.232204390332198 0.06268805990120800001
-0.215926043149516 0.122183833357266
-0.242333574595318 0.123803677880812
-0.242825109042612 0.123043483122272
-0.243795100596638 0.08607137210134999995
-0.240015155019944 0.08282636534787000005
-0.24885725302685 -0.07372410680340799998
-0.412898336642142 0.06388417197805000005
-0.432596208234362 0.08563930926524999997
-0.398048400278458 0.07585447803179399997
-0.375901702384418 0.08004441861065400001
-0.377019631764628 0.157704097263144
-0.378986681405914 0.100905690301864
-0.386905176541492 0.10661956809653
-0.435277851268312 0.116545342749006
-0.411167322383806 0.119641908733008
-0.397660974627436 0.125143564073436
-0.400948437292104 0.12541714884011
-0.52742282526564 0.126324177283712
-0.639210792265 0.06619182141902400004
-0.671364327885148 0.08244556151677199997
-0.622109021175238 0.127225237870462
-0.646834963593556 0.119289892548364
-0.623725203185448 0.144836488130892
-0.601343469275788 0.155376719121298
-0.576278839470482 0.15885441839176
-0.598073690884316 0.138156452309646
-0.568412815368926 0.149165938736016
-0.51840136623052 0.164248157369088
-0.52085130162111 0.179947547756576
-0.537625257641834 0.159183547935302
-0.622682566258676 0.349125448165752
-0.764011633821768 0.40387483099656
-0.776882720366998 0.405830879972004
-0.793192228089642 0.403853511422106
-0.61187064836238 0.319109365696372
-0.558526380480512 0.18601261640946
-0.612661871529492 0.1684449296938
-0.814183082053988 0.20631999075125
-0.825319110596468 0.241258631427194
-0.799291032855068 0.3792993000553919999
-0.811229536774908 0.375871268101442
-0.805314710826062 0.429653627299542
-0.801918485779044 0.393507335809296
-0.712266196275486 0.502279775101822
-0.765774358944396 0.426152081776482
-0.651368519099834 0.504463251565798
-0.653764076311498 0.507358354228716
-0.634703652384786 0.519782636556674
-0.494148635477362 0.48573791462031
-0.622157926611676 0.3614318272676
-0.499788966204408 0.459048416621074
-0.484073286199278 0.456072873182628
-0.468803367039098 0.471322217069716
-0.49202627528204 0.470181419383818
-0.485615107922636 0.484316317299062
-0.47600690224837 0.487587160657898
-0.473522576170984 0.494060470545226
-0.465958829021994 0.496348580838576
-0.450330047757752 0.481307726228288
-0.46735759386437 0.4714953024098620001
-0.480821405761326 0.440752843949364
-0.485848878998472 0.306503599535908
-0.48788209640206 0.254109031406282
-0.458694738462192 0.274188996769576
-0.374279565119314 0.387191744032172
-0.336487086937524 0.385328727371678
-0.334031299843468 0.381484446293434
-0.456430125641138 0.265523279966098
-0.509359722350194 0.18492471339294
-0.401009869395526 0.181794086410336
-0.11744663738876 0.234451584103262
-0.11589745198884 0.234725645939924
-0.11912814803963 0.203584336217532
-0.116466398084986 0.21064120738797
-0.08433300022004799998 0.247473968686524
0.06700944664981600002 0.253972869513776
0.08237892643426399997 0.275747597782522
0.167797109917876 0.198114164498688
0.147454916888362 0.23138440003683
0.1734855794864640001 0.220178819247604
0.174127138329962 0.2119762691259279999
0.180087328041012 0.214761712659272
0.19604638760609 0.233854535872282
0.185833276627042 0.2313153634808559999
0.171332898367584 0.225407477136658
0.171107474648676 0.338179829367752
0.178320750648072 0.347499291923596
0.1854386880867819999 0.316986475141946
0.201149598556174 0.232807131447042
0.200106933049442 0.224635164590848
0.209017371303178 0.206416511393114
0.183727646855976 0.18019574615415
0.156821293654768 0.180150371652632
0.155189465774544 0.2024403290776260001
0.133744319846734 0.207475765151892
0.134936131163238 0.174485858843888
0.148460188949696 0.178567641352334
0.07902638836136399996 0.156515808936216
0.08421116678356800004 0.180784326159994
-0.06332442598106600003 0.204144919968278
-0.06380052241790199998 0.22475191795372
-0.203033115896644 0.115318921390138
-0.195445776658806 0.08955237800350999999
0.01466838116858599995 0.057059806186966
0.08574005499749399995 0.142301194086812
0.03657175552755199998 0.03040546223889400003
-0.020244570342006 -0.170511523341066
-0.0005401145611140000034 -0.17957685890355
0.04475362472923199997 0.003121572140660000007
0.08032836908489800003 0.01892936082157799997
0.09339436017018399997 0.01176106438472
0.09566451054795799996 0.01213856626983599995
0.103604842753198 0.009705729757996000022
0.106493186226112 0.01716914669012999995
0.10978768218066 0.02412435608526000003
0.122093210519334 0.03629771048380000002
0.121967104815164 0.04513418597990400002
0.117363955996634 0.03984223575789600002
0.107713538010238 0.02723289247473400002
0.05499055480700399995 0.06057999332462400005
0.09250199842732399996 0.140852585762438
0.130366666594226 0.167343547703858
0.168798040095156 0.148467658244058
0.162741651368672 0.174839266657288
0.18034998906327 0.16634718947641
0.182693470179892 0.160173528174718
0.157246809817034 0.1301978531434200001
0.194731026309184 -0.018262300328706
0.20326101373218 -0.09301261701295799998
0.19600358538842 -0.124146434943726
0.188266667217606 -0.106986250894604
0.170899433076102 -0.208983074912794
0.1772063859341239999 -0.215629547061692
0.371076069304756 -0.11129106659153
0.367424099848104 -0.09923023091942600001
0.337430449534408 -0.08203348922870799998
0.23684431489643 -0.116604522390572
0.234153079763824 -0.115115535615532
0.207053142492452 -0.003305899795751999993
0.251358900394458 0.02445804462742800004
0.256312050131994 0.07338452226174200003
0.303748665111488 0.03729343104632199999
0.29993043359133 0.03258074789544599997
0.303663387686788 0.01416142564926400004
0.31177960170283 0.00803327156255599997
0.357988095863484 -0.07872134017116400002
0.46868810131852 -0.06158097661639599999
0.470548545869788 -0.04818868633508200001
0.476356337039664 -0.04288315646950399999
0.478256440420288 -0.078506132391518
0.486763256217476 -0.08150222825654799999
0.487644250993684 -0.101881444559844
0.458981008715454 -0.09275159092748200002
0.445778313096742 -0.09724919063027399999
0.482454220989 -0.112044209928506
0.355935133722814 -0.406291306877412
0.344503341053846 -0.415288576933224
0.343486034966068 -0.417566209905812
0.32450345729571 -0.438341440807954
0.352801985824622 -0.42402544849856
0.35171315227133 -0.425351076608222
0.3507672751325960001 -0.43399966522539
0.348699418233568 -0.451574857265956
0.320852615525178 -0.459372935506688
0.318297722612414 -0.429998630246846
0.236301891848586 -0.512936561549052
0.219020782693532 -0.53701061192528
0.204096896377902 -0.522083568833574
0.209799878193206 -0.503549800750822
0.192525355875272 -0.507347517068194
0.159393378753166 -0.361745615920166
0.04025225244241400005 -0.597176905766678
0.08641835998809800005 -0.646071091129478
0.107622837697912 -0.666988300033606
0.03173406048176599995 -0.592581320917272
0.001431903395071999958 -0.591749195488752
0.03257553097562600002 -0.605204632089102
0.03826987544343399999 -0.623035547642752
0.06854795021635799995 -0.659909203315578
0.08217705452450400005 -0.778008293082476
0.08196864411908599997 -0.780709734317246
0.06751305578160799999 -0.80257222902848
0.07693468360902600001 -0.801271447732006
0.09875121577584800004 -0.777480228787744
0.09139779301658199995 -0.76560083154617
0.11434495212829 -0.758584772327954
0.106973965411062 -0.787754467065798
0.2174352258292200001 -0.621936921232584
0.09105585476083399995 -0.762384071311626
0.124012856918394 -0.665428813158268
0.202308160085142 -0.62340780359153
0.2043779881284 -0.621925895362826
0.214414966188798 -0.590626570321912
0.209581471262304 -0.59623455854423
0.210103459957802 -0.531909702331484
0.228440411524354 -0.556481735923552
0.247248547179508 -0.555978047803966
0.290260436090296 -0.569722291754896
0.241390028818926 -0.53636281057208
0.218952702373012 -0.5414836209868
0.3488197774737240001 -0.4953917493673
0.367908973301718 -0.495307980626964
0.3762174207082559999 -0.502254199441408
0.408140351458286 -0.5272764795354
0.4158078165682059999 -0.509801184064616
0.371385362201318 -0.460331701014812
0.361027195723042 -0.463774072746176
0.358739676179244 -0.439224483649816
0.511935016087692 -0.437323402875254
0.5382950530798619999 -0.435806971129872
0.5159744708291139999 -0.504391378608714
0.43262198898947 -0.519594784864268
0.407723317316372 -0.52811450070148
0.387587075826054 -0.549660083715412
0.281690255549824 -0.594494493052826
0.283659081397884 -0.608727401143978
0.288079534675032 -0.603047825211216
0.2915068452323360001 -0.594648781945998
0.295175498983672 -0.595547073594316
0.410248340007498 -0.5459251666539
0.515557554179364 -0.519566761135154
0.310636563749582 -0.613960080018248
0.122479369950006 -0.781735958458966
0.121017587282004 -0.783415049068124
0.05204669935724000004 -0.904350035662926
0.05603289141135 -0.91217822530874
0.03890968965781400001 -0.886310295730974
0.022941648097682 -0.902183203213934
0.007370156501359999951 -0.92854110689533
0.03557599683901199999 -0.93835237479692
0.00606958821582200003 -0.9672611172566
0.003734405183341999996 -0.983248287076478
0.03818970446041399999 -0.981185955859808
0.05402178648697199997 -0.952012930101256
0.313805386919438 -0.889624280570832
0.321828929071468 -0.9133326018233
0.325230096618286 -0.928827094404878
0.360816934081174 -0.90412159259623
0.333618089100866 -0.88844623612284
0.373382741439102 -0.909402677252378
0.3404485877384199999 -0.884483280916224
0.3232320315487359999 -0.887697558710444
0.318229594590714 -0.879056685606044
0.34407152760847 -0.88023993873747
0.380576495025576 -0.667911732007242
0.395848545342846 -0.685705145645516
0.3873717733425420001 -0.660648035891656
0.375243155198518 -0.64327927423561
0.50042888498885 -0.813001558912454
0.513549670728878 -0.822897993935224
0.5052862446488740001 -0.844212150390592
0.509066244009448 -0.849843883642388
0.546680117251436 -0.854183673034042
0.552591526963558 -0.829586899061494
0.53884617942448 -0.82099841192062
0.515376022732992 -0.817861789141484
0.517176640373504 -0.813716719044008
0.428256729700722 -0.675866431958678
0.41426421692095 -0.65117927318843
0.40825298203074 -0.630163131313242
0.413864199410362 -0.641680441629924
0.537478997651478 -0.68939442583448
0.636083830327766 -0.618703450946464
0.6388548042515080001 -0.61957819590791
0.66318472153539 -0.616898432748578
0.682884794745074 -0.583756905582854
0.680688564051264 -0.583189708656022
0.697062450465542 -0.493251325617662
0.698515886969872 -0.48724860781792
0.678886855832016 -0.493642914949982
0.642288834650436 -0.546656725571564
0.646843548379532 -0.571315610232444
0.625815878768132 -0.579233535980682
0.558519225187376 -0.544063493076974
0.636127184179438 -0.529918292842302
0.691321079882942 -0.45376507927024
0.682414713778958 -0.460411535266512
0.626793144620858 -0.511205217660734
0.646122289540304 -0.487002904288006
0.631693471400856 -0.503705022771006
0.626072941814118 -0.473278173145734
0.6484924196084 -0.44236398180009
0.649870382982712 -0.443210206724802
0.6549012589233 -0.444709243663684
0.669472138825558 -0.448024592687388
0.678929787765458 -0.451978116535804
0.686365649161798 -0.453299406108354
0.685142895671372 -0.449837146099814
0.760122447803208 -0.366540978396796
0.767418897980786 -0.35109356844965
0.72810788460337 -0.366476063321566
0.719380769864368 -0.333629454728742
0.718546404605054 -0.351932494541134
0.718071907336392 -0.349165932641674
0.711186480544828 -0.323888754506544
0.719178705782014 -0.313918878266782
0.730805167482842 -0.304582530250578
0.740382507264326 -0.30450184846623
0.739667669865148 -0.293237116062426
0.748350364329922 -0.291057383020436
0.779593350583266 -0.335242570999658
0.77977498037148 -0.337978085194704
0.786298419540422 -0.355637339691462
0.7779954671117 -0.339356406720754
0.773021343931566 -0.368092679066162
0.814911956317914 -0.359535764168034
0.825208716100412 -0.344229458293054
0.837259916367364 -0.338552865793954
0.844753786907416 -0.33992649645192
0.705623730414372 -0.461768377525392
0.709767879404718 -0.473775739361894
0.740513936321024 -0.468486353827634
0.87619635040811 -0.373482023306882
0.907741850024434 -0.368811431279784
0.673867412574528 -0.623368796891704
0.55823594127816 -0.703684120592048
0.539077711455328 -0.729860555458516
0.538230937515958 -0.733215919717082
0.543101099398034 -0.819461464303062
0.5492626464340199999 -0.814363188402198
0.9169666228312840001 -0.365414129914908
0.915864293482558 -0.363904962689338
0.889398081496776 -0.351860327635362
0.89544989684734 -0.336604211898104
0.858080275785448 -0.341238095816802
0.854788470247196 -0.33873410658037
0.876320204028776 -0.32794675321921
0.896647322467364 -0.329650644046324
0.910373889130016 -0.318510751941246
0.880300180872576 -0.323168040811162
0.853655341420628 -0.322883480175112
0.83681158000804 -0.313115612429388
0.837291551416178 -0.328706962616978
0.803437683785306 -0.328356667516454
0.80358424738682 -0.327502373001772
0.9900837707636339999 -0.168840066084564
0.997669463161226 0.07218746855956799998
0.946467719539752 -0.163801256730828
0.941738416500966 -0.140428496852018
0.81162808730692 -0.110782637690792
0.810978482302036 -0.12594999332258
0.802076982038364 -0.122920171065684
0.77561751474888 -0.09763777021907199999
0.772905604400628 -0.107954739963382
0.781320517053278 -0.145991858192018
0.793063666342322 -0.13978620115774
0.801449049986642 -0.160623818419698
0.760757874295002 -0.133624316604634
0.7473979711345860001 -0.138106899604018
0.7431521685471059999 -0.166028251512222
0.714093586500544 -0.303435420176682
0.708733078713404 -0.2828440076126
0.699458641471322 -0.320197069002408
0.687516381905888 -0.317615815848166
0.716581406405466 -0.182419897171166
0.744512239555834 -0.150305371597784
0.743882039733642 -0.1260862647328
0.75402841114743 -0.11210732894815
0.78907885436275 -0.08860628820308799998
0.765861236264864 -0.097288655773638
0.70736197211424 -0.136726037313568
0.7298041903028739999 -0.138102719915612
0.711986448248842 -0.168271142689404
0.711318426485554 -0.170746760696986
0.562155041115896 -0.398953646810936
0.5588646826492 -0.4327425721836
0.550429130956964 -0.418966705844024
0.523519324411648 -0.379407267641232
0.524950149597112 -0.377702370898426
0.509031201658786 -0.350424960185972
0.5313553554734 -0.374382827750818
0.533469456903856 -0.354875028356852
0.519962064931152 -0.327652980784258
0.52233558242318 -0.31694226793686
0.610217397356274 -0.211443425138222
0.624031337559704 -0.20044059923987
0.688946427894498 -0.177751782316598
0.57669602355533 -0.208291327997944
0.566125892773794 -0.215126563778672
0.489445751527998 -0.101735174703288
0.517233844417954 -0.07344010222514199998
0.529247613229904 -0.112606441683652
0.622474082104152 -0.192213823817304
0.691360904982482 -0.125362845399818
0.55307351811932 -0.06882726500338200002
0.560331477607988 -0.06321742938631999997
0.557166950192614 -0.05966311259412400002
0.5287771691644 -0.05317087855221200001
0.495279823980658 -0.07808358388863599999
0.5186253050137900001 -0.05896848527317399998
0.47333589456898 0.03281334282728600002
0.4642538628374480001 0.002107407054681999974
0.4958234372296480001 0.214647952043288
0.637447666557248 0.207203014413688
0.657880285246242 0.19439382548765
0.675480272178762 0.1030822469809
0.656068090247488 0.124171119182916
0.6393563384839120001 0.119429489507772
0.6386824723513240001 0.117806923892492
0.635149628947326 0.08271854857808000003
0.536218041250816 -0.01244126752714600002
0.52518048944775 -0.03212212309922200001
0.546638520048762 -0.04821499532471199998
0.66344515812278 0.06322273591683399995
0.753405035736926 0.01269189510503399997
0.764490738517834 0.013727520249658
0.786808626219542 0.02629818818010199995
0.793495460753792 -0.08358771672173799999
0.799112962116074 -0.100566349824922
0.813609677745778 0.002642596723812000014
0.813963099761848 0.03451874650060999996
0.82626679080481 0.03428862361902800004
0.812064896628524 0.04601852111915000004
0.800649832724896 0.05467905054319599999
0.78356029091918 0.03860719716227999998
0.75687973929191 0.02802809561976599996
0.78318188501088 0.03401641150541400002
0.751137142302998 0.01899803221179000002
0.7279750911591 0.13093200454299
0.714229516057172 0.149956840014764
0.719130834433776 0.161949071672022
0.746163839385222 0.1840204538004560001
0.807078882350856 0.05290138229164400002
0.911795827810092 0.381323462384206
0.945965665978596 0.116059452174724
0.873880430764462 0.06097206837077200005
0.9630465300407019999 0.06566043556233000001
0.964617636300212 0.06610875536157200005
0.95430141851157 0.09307338636395199997
0.9209367590297179999 0.375893991382744
0.9639306361328019999 0.104229569250824
0.976738978603034 0.09676334074314800005
0.990629519680808 0.121069370039538
0.932467371106598 0.415274587245786
0.917708350045238 0.390624549130734
0.902028828493566 0.4041503670586499999
0.889349915705086 0.4117778641983299999
0.896214296818346 0.402645502688896
0.88690247963504 0.395421424191642
0.730212784712302 0.187488595023746
0.727865364828782 0.185691094112438
0.67993581064741 0.21996215898309
0.662545663380318 0.216922232050878
0.662033327814208 0.247315015642584
0.637834529514814 0.23911079353495
0.628867498542586 0.245638663587458
0.640731634433954 0.207279155418406
0.63953049324431 0.207041043215218
0.493911235765048 0.232642026260794
0.459654125162472 -0.00498352619120000001
0.452139748005262 -0.002646760696147999986
0.445051038059196 0.02139011870435999997
0.31196545981195 0.05582528063367400001
0.4469899350414 0.05041334873550199999
0.311083624109664 0.100965429784714
0.261022577300212 0.110205740864718
0.215594828345624 0.200476028118504
0.236638760740934 0.240080072656312
0.446443164667088 0.210697281417994
0.448014825878438 0.2430423608133759999
0.467674477185436 0.239840057993932
0.50814576581267 0.28486422794399
0.50138346254308 0.265199748835386
0.557643059202304 0.260889576578462
0.520190104269512 0.285502677276034
0.55787276118429 0.279715869647784
0.550809784612298 0.302506530507238
0.544344030574124 0.310230905596508
0.492791308930744 0.382571364989304
0.49660295396303 0.363171963888766
0.47097307168691 0.388987368328492
0.534790908875778 0.297301215723762
0.5174170414474399999 0.3023649885097360001
0.485201820986206 0.313362613087922
0.505428548701074 0.281891608334562
0.45705258349518 0.338210845407196
0.458643646047518 0.340131527029504
0.45169596002167 0.37126214580902
0.452073374275152 0.375492140796498
0.454953230168882 0.4228264415510120001
0.4702157722938419999 0.487537253613136
0.465685055778914 0.46384540518692
0.48774543887132 0.428022427014318
0.4622524913399259999 0.453245195596594
0.45739450932359 0.405309061330188
0.581471416991656 0.438851240993874
0.620100085213826 0.451629307418656
0.631711309924354 0.4572685443073359999
0.644182317491706 0.455889703423432
0.65358752735359 0.449005449312508
0.685054611064286 0.4739844576567339999
0.56813744132786 0.474389815458278
0.588491735148008 0.4783911101594059999
0.565998248612042 0.476320141042266
0.708398781289998 0.54311566164513
0.7308789121363679999 0.549484655400498
0.600763868034474 0.48108839586195
0.646837737130392 0.491729080673182
0.6792577365956999999 0.487299235619046
0.731727103781526 0.503316470277876
0.7336069696972179999 0.534879437489378
0.784251840219018 0.570774242373078
0.737125961889804 0.52927014599753
0.747692353236578 0.500820349844088
0.810183728956702 0.587853850401172
0.778614813766262 0.575155092467394
0.752610081807994 0.57434031001145
0.49596827005547 0.58722859671676
0.487248388898908 0.572975472581096
0.471949320593592 0.569953653179088
0.478331363051352 0.576341189188576
0.474695309490056 0.601886967244506
0.797234965335688 0.603090004024836
0.435199252095864 0.795885881779662
0.482624717688944 0.6058181704049079999
0.478093382048232 0.616303482147074
0.470992415344106 0.614169525646916
0.4594478703322580001 0.622718363911946
0.400732808933004 0.755674802322488
0.414182044525716 0.756723460075084
0.402008854476506 0.789238350833412
0.402806713287862 0.80301006222284
0.367588133576832 0.818214050322172
0.387450043554394 0.797255737525298
0.299997773801442 0.7867338896492660001
0.356656812035552 0.85776017358073
0.334692842104562 0.852892786050398
0.290794446006554 0.81153197408958
0.291224392790452 0.76936545782693
0.293214127383294 0.761339593451162
0.274168572167014 0.558761565886094
0.28929695235649 0.553048161203296
0.303494961142304 0.547203761081772
0.298677967505612 0.479085162970742
0.456314043150662 0.588719090168
0.43918206286695 0.563069329306282
0.45572443324757 0.481147443663164
0.447874464419612 0.440904526681828
0.460744418010928 0.485184388752182
0.44137837932975 0.361866350396008
0.303701567139338 0.441824993935564
0.307740793066444 0.44339298384422
0.3040774961079360001 0.452119157423554
0.270980679963706 0.438928118762062
0.254282737269198 0.468900864638342
0.257359278420852 0.490364492749966
0.262704730010686 0.48981001268365
0.312334533402386 0.455773078786802
0.294021825530344 0.475465298764392
0.299364272004162 0.518652274107398
0.289136382100004 0.495723601312248
0.269396186669774 0.530138878427744
0.273967094439532 0.549393165763184
0.132306493822162 0.814239716158128
-0.07782405484599200002 0.755101077901246
-0.08521702706241800001 0.75491417700188
-0.03622469339693199999 0.59233284079462
0.01608558782776200004 0.628545055749614
0.01052880290571000003 0.628625907529436
0.02572108209748800002 0.646212104630522
0.03230781196956799997 0.642278893131194
0.03471535288715600002 0.634643267582702
0.04059505508192599995 0.629196911644748
0.03813855316868999996 0.646467950321486
0.03399769657826799999 0.643913942368894
0.042181789981984 0.662948402011744
0.05619013419779400002 0.6514764101426
0.05984160958781999996 0.642701873534918
-0.005450484054372000027 0.593591450145976
-0.04537235627433799999 0.587932547187866
-0.145273939482996 0.617342673995226
-0.09268232916606799999 0.751985230134794
-0.114105891111124 0.75113230347104
-0.12269021480353 0.751987238677446
-0.118825791546296 0.758770715449364
-0.08572277503470999998 0.762451531371312
-0.07366851674097999998 0.775443617411862
-0.08898495755926000002 0.776880714880248
-0.09874712302058400002 0.78709443663228
-0.08854540365913200002 0.788573491288616
-0.122653939265364 0.79912608075497
-0.09318724581654600002 0.833028219824438
-0.07451076523843799999 0.841392104731124
-0.08448658832208600001 0.8470202061741240001
-0.09434846350659999999 0.848244136943596
-0.124334129242614 0.8232464086372620001
-0.21314691086912 0.822712367667218
-0.221526091264806 0.815176163393854
-0.20608123689591 0.829401891919272
-0.07146936029729800003 0.870984448030816
0.166562959803996 0.827940917115398
0.185584175719686 0.8466043496314
0.251810525573934 0.856605551371632
0.264776050672996 0.8454409353588440001
0.250441936979974 0.820850806169142
0.177681241994808 0.8255087533386
0.26429505035714 0.768517111640432
0.2508563784653580001 0.813040030363734
0.2764165751991880001 0.756646272467518
0.271037024455628 0.837862864294026
0.288370008394528 0.839192282595528
0.299035820900014 0.848884819267032
0.3609237049466100001 0.865617983009722
0.372873754617932 0.871079819129584
0.36167508057513 0.866472276098314
0.303152274394246 0.857573485896026
0.288121702254574 0.850119128869902
0.251097869914304 0.864966770338344
0.2885751514293139999 0.872126482571302
0.283730674696262 0.922910408226498
0.251516248711392 0.931988989524306
0.257197484581124 0.878760601482942
-0.02909608023664799999 0.8976313450071639999
-0.00660599838318599999 0.90052131416184
-0.03759286295394000002 0.9072615924674380001
-0.03653511427065199999 0.908244269624466
-0.04975684070948400002 0.89981706089448
-0.05335543732082200001 0.917494315353686
-0.204706918776364 0.873861909406894
-0.20147132807247 0.856154352301338
-0.221650217239116 0.835997684986096
-0.24458862998038 0.8421799011550279999
-0.295395182233954 0.834239817700228
-0.314835588710772 0.838111809233954
-0.31834963197161 0.832239669727738
-0.343836451225838 0.859644303411312
-0.371529972382836 0.829713132124028
-0.341356685980622 0.829068650935808
-0.332116852174334 0.825027345627326
-0.326324599947 0.834418856985596
-0.324073785659426 0.8179073734234119999
-0.309218049106056 0.804735753768932
-0.28247288095065 0.801514185028622
-0.269727879766016 0.798448627080512
-0.260394439164268 0.803693897843452
-0.281276615845866 0.812409733101916
-0.231540091705528 0.82248534792335
-0.243448533987836 0.81810819488862
-0.174541940761052 0.617156389631404
-0.176733129885622 0.613319233432794
-0.21353527994991 0.60455892426174
-0.210559180424576 0.59419286214709
-0.154302487570934 0.583908000738084
-0.156989889438026 0.613749263977516
-0.154973773125082 0.614510290814568
-0.14451237803768 0.610097321092662
-0.03075359853368799998 0.56550278002536
0.08440232126596400005 0.452133935883006
0.08002583505819800005 0.458813963758906
0.09570168932350400001 0.486107718134814
0.120222918221366 0.487372004566654
0.250062116771034 0.482741592443894
0.158343665433742 0.373832526005028
0.122127191918962 0.432045897146242
0.09834759122382200004 0.475400794140482
0.107786669940822 0.437936400791134
0.116961093499308 0.429747114361844
0.11676578034147 0.4297072934241539999
0.109448967436072 0.411045644390884
0.09219843866522399998 0.448503550292692
0.086168529098466 0.41533992039754
0.07712507111817799995 0.395411107000154
0.02857917880340400001 0.34923376499756
0.06181531009465200005 0.358791927624862
0.09903175501922800001 0.30648965603625
0.117528770231888 0.293497785451356
0.108582509906768 0.2852249552252359999
0.137825145566754 0.2349668493773640001
0.09475722997787199996 0.292697368733444
0.08839138904045800002 0.293289281564434
0.07631181603125799997 0.2953922305525699999
0.017798116642654 0.314729392325846
0.051095390046758 0.317595784700288
0.04325906195130999998 0.319569170303674
0.03666210426560800005 0.35140210502497
0.02010189795172799998 0.342101506931754
0.01211862761393200005 0.351765331801384
1.491056173800000585e-05 0.35932542490625
0.06418249040221999996 0.40046157529017
0.07215772200010600005 0.40615021712433
-0.234389355922764 0.57952332901979
-0.212352519575438 0.569844492219782
-0.210176952717676 0.57770388102634
-0.242231728010686 0.582333134467402
-0.2404203404395 0.617189951004548
-0.257316708771892 0.723302583867126
-0.259719143306008 0.749140097846576
-0.277394914954154 0.755716175425666
-0.280654180692814 0.768681078081104
-0.283013553956064 0.732286086268624
-0.293991399134506 0.788432787568742
-0.304528531556496 0.750304551242294
-0.650643863086888 0.714563631814468
-0.634406451373084 0.690570127773364
-0.632995170748558 0.6066665388849399999
-0.638557513745528 0.576520794077786
-0.640683228622974 0.570682634079448
-0.644676067788236 0.5886090554826
-0.66025759610243 0.62307885457905
-0.683979029911094 0.577920521442042
-0.649146326392258 0.564890765760742
-0.6817128098019 0.573164710285218
-0.686221485142 0.536270043800478
-0.639353632700794 0.555640167553508
-0.631748986113466 0.556364978369728
-0.676267442521066 0.520071788380188
-0.695591235333398 0.520786100542538
-0.714338619565516 0.504715215766204
-0.70908256501848 0.516763431609964
-0.726102265838348 0.509278399088316
-0.742015441497562 0.5096392358581719999
-0.72898397413268 0.516034825887082
-0.717082390720994 0.529996660319156
-0.676242856390888 0.612475618597808
-0.675661248382256 0.618706288773662
-0.656176920005202 0.689716539346714
-0.670974575994058 0.712498110265004
-0.643091098006392 0.722478492027138
-0.348549727716506 0.869118068160778
-0.322961521543544 0.873099701623712
-0.313739315636334 0.869780345002552
-0.295079767899624 0.873084277379366
-0.295183112254684 0.859713637641264
-0.284782965625536 0.871354960194488
-0.189945948398646 0.9149316092848
-0.245576743791148 0.884401313761204
-0.30373398994153 0.837589151441394
-0.233247068615512 0.848619441693238
-0.208672467599936 0.8844935418791099999
-0.117335662329492 0.956689012973424
-0.07843435038390400002 0.942949837309052
-0.06747090077492000001 0.96019834432411
-0.02726213067758999998 0.9286716896999500001
-0.08402546170238600002 0.976824118133786
-0.080983887988136 0.976774684724758
-0.109048686943272 0.9778273984453759999
-0.11851469607489 0.986688579630194
-0.681911369666648 0.71222598825685
-0.748170174337304 0.551833031344848
-0.932784197384158 0.344109359619492
-0.998064571583208 0.03669180990508399997
-0.99898956218338 0.001457382459871999977
