0.5430988585767877 0.766809394377856
0.7469073281198102 0.9926041297487187
-0.5885908558370427 0.08860568526521084
-0.027314050100115894 0.3085630875020491
0.8229930791564157 0.06615201881003663
0.7481212035009204 0.7576973963220754
-0.8462136928421424 -0.17845866728990867
-0.2118025988770449 -0.3693201890964939
-0.9507737381967023 0.24215465472988162
-0.7253685846984979 0.7692175227128952
-0.6675707902183257 -0.7045155923678741
-0.23067825827771515 -0.8685813977762604
0.0875533564867279 0.11425199314961731
0.13711677035763903 0.2281713201708533
0.8020094476895496 0.046638315399185615
0.15764853559994352 0.5676229361550427
-0.9524205209351708 -0.2561249831579999
-0.21415698540328276 -0.8278752206962652
0.14126973413396726 0.4176084619477507
0.24029677852744458 0.22590425020447147
-0.7244244113212275 -0.5993882265290644
-0.7083934477550389 -0.7626930333192168
0.690507645210017 -0.36491121003639915
0.42309344946039773 -0.06487043145125138
0.6938632109413947 0.3136951270298578
0.31052746683078025 0.9038729359821966
-0.9580044856055017 -0.9247705922616931
-0.8671210118473092 -0.7188683931511939
0.4899911380633457 -0.34191618942468893
0.7817463491445302 -0.8729588192590201
0.7466409434991832 -0.49037153471262807
0.647613326892029 -0.1489487504432796
-0.3928520162519835 -0.9966128449248599
-0.112917841872199 -0.970440856235578
0.9767444770536564 -0.7825131253060649
0.8858147508158667 -0.48228756766095104
0.16914582599606498 -0.1531221571571364
0.08309245155337575 -0.8800831071086035
0.06800916359053333 0.7226091971951354
0.3851102970702651 0.4909851380620758
-0.5562809974280745 -0.9041824846298763
-0.7453617192722541 -0.8197266554711566
0.2462749150379877 -0.17772993406775495
0.6867522919532114 -0.7215829081115772
-0.2210448789590116 0.12549850279354136
-0.07042485931759113 0.1068527889803983
-0.36747281410283783 0.6543913010374665
-0.6370453827366738 0.7429828340739895
0.7542792908285971 0.42877883341332845
0.7337615798669677 0.5731933234411146
-0.8514614070535844 0.45690133639055097
-0.5180320135012879 0.5349391128424277
-0.10686176127783753 0.09585109502972866
-0.5077236869484187 0.07125049663882699
0.6195751388005615 -0.7453027627089732
0.1576723593714613 -0.31914046652458783
-0.41165768722030194 0.5934687210861314
-0.4807056015249198 0.276193877241266
-0.804013089901104 0.0545118781434033
-0.5940253205992587 0.45927297947168055
-0.546657571127585 0.8622726505165996
-0.1578165396331368 0.8962208261910476
-0.30578447532965924 0.4565043096543677
-0.4512063473718979 0.35888643706730816
-0.018702464026096655 -0.08204675547795626
-0.036074929834708946 -0.18139220732850214
0.041073794718988976 0.6108835395971195
0.05355162770190547 0.43642316752583943
-0.014848872797584178 0.9640724370699325
-0.24720994016087827 0.3333334171654685
-0.6058722976895365 -0.6521121661419966
-0.5213977413558508 -0.6961342630632754
-0.7159789820394975 0.6889314485391356
-0.7496273517170655 0.6515753033570111
-0.7126987917615151 -0.968858484711616
-0.7026922483633418 -0.8851587120430515
0.5455105465640859 0.9061364627393091
0.01331438260051665 0.9272966579313124
-0.8514509377463326 0.2587771098096381
-0.3461458952134753 0.656347839846894
-0.4018759002417094 -0.13633706448548555
-0.20744278541763927 -0.15165135823692122
-0.8979447320727123 -0.9309370508088497
-0.8374733356342254 -0.8378029161002793
0.07848051362150965 0.39696625994614787
0.118808644516049 0.23594201512088264
0.43406229244212247 0.2592600526388815
0.6315379306272593 0.16959065040621568
-0.8387949379451631 -0.5707765594533567
-0.7339563859049623 -0.6891606997266904
0.8192693623333316 0.9214864002344125
0.9823593653550715 0.06936850734281141
0.9690116935630797 0.8944736749180915
0.9740413187315384 0.9385509465088495
0.8771768366113952 -0.7458254231399373
0.733624449037267 -0.028350885890428668
-0.3316628045450529 -0.4086293212689638
-0.07475919255175456 -0.7251395712094566
0.4687612781750605 -0.3506826826063736
0.3995248289205884 -0.10648276397397938
0.26458486874943854 -0.9271908307981243
0.6241746252402549 -0.7952916010000395
0.13911521275603556 0.44527677030107693
0.3634690620015979 0.29640231854541166
-0.014600285318812078 -0.8683234180375659
-0.14722705901270317 -0.691890721343871
0.40258892555453496 -0.1308101895055347
0.046025512230554844 -0.096382612253894
-0.488384851779456 0.7101027099611494
-0.4127066361465681 0.6755687164925726
0.6130597737487247 0.2620379644927524
0.0998351299196456 0.6312181368927605
-0.7060110726834323 0.16776197975256868
-0.6108457694355167 0.10489569074722205
0.12386961946569186 -0.8080073021811542
0.43155425654079127 -0.8634539271046953
0.42019561734718924 0.5047391355012281
0.1745119363396368 0.6873581015582182
-0.9364299689095448 0.848068281489432
-0.398487025593131 0.9918571008230088
-0.3110580700258585 0.6625661345718685
-0.15518865823991423 0.8530978093312847
0.4892523556270214 -0.9506944106433217
0.19177082528507405 -0.9709361980734375
-0.31422342599621067 0.41609428894640943
-0.38158536982205327 0.36313996673812454
-0.8091047930186492 -0.5857256234421138
-0.9659375412499012 -0.407184726721328
0.5430988585767877 0.766809394377856
