0.6842586797064032 0.22119629240980299
-0.06906643356783193 0.5791367162755487
0.7235264011391407 -0.13719361402118913
-0.4724105299919499 0.7680741596155818
-0.03229063456306869 0.8392370229721624
0.41449195661182614 0.8802007875461546
0.5570042527092873 0.9363574774238617
0.7700244074517844 -0.10560854977454048
-0.30544000211526057 -0.8953529279869086
0.4518070183484182 -0.29897593509713083
-0.5303483983382751 -0.8128193356929287
-0.37319807682957906 0.5181094063167448
-0.6778499891580982 0.899295181240062
-0.6236088433271714 0.3753198132400801
-0.5896621026074418 -0.6963862852764751
-0.8839483084538149 0.622619130030232
-0.8452840531817849 -0.7379948953090596
-0.6007774450259122 -0.9329309963230117
-0.843844742451141 0.3710386038425637
-0.8307474084801234 -0.07468479019488217
-0.6962476181261383 -0.5684935524867918
-0.8296669938147552 -0.5206435370680476
-0.7571996776729613 -0.5815145088100206
-0.6589588402253277 -0.6838904190504105
-0.6966740223531576 -0.4337338009403289
-0.6244288493402825 -0.8106791082399611
-0.7763711139230054 -0.7147523722424238
-0.8034478626918427 -0.7251718423582101
-0.8485920386290067 -0.4433542828728889
-0.8443476558380321 0.32308616945377544
-0.84562575748818 0.2827377707717975
-0.8489355201098328 0.31957730944901264
0.6842586797064032 0.22119629240980299
