0.002662587912130 0.019806646751150
0.035639261843469 0.084031742570937
0.008330407556300 0.026425736502943
0.073601498302818 0.048776632663224
0.027021619503862 0.009821461983873
0.039162656310556 0.014535746543918
0.056752586763703 0.022548974967817
0.075441304163747 0.028989144148766
0.094817480582193 0.033681996182390
0.095638234212826 0.012011064222088
0.057167270247437 0.013025407685444
0.072886228595342 0.003241803032924
0.270006511486138 0.006849860775680
0.448194055561067 0.000802721362935
0.545685622629563 0.007469823587439
0.505930422575181 0.007804603319524
0.473545391333078 0.049614811804898
0.472897959627629 0.050336863403365
0.437682616728210 0.057809108429499
0.438126572611801 0.024553015373905
0.369167400695927 0.028014719964943
0.299849199270759 0.039287307317968
0.292012090930721 0.035579420642731
0.399017636850019 0.016655994586952
0.473583747387670 0.004099472427787
0.348590996278725 0.004288491329313
0.302627321473615 0.017874359627196
0.262150609987858 0.026155626413485
0.262385016429417 0.061919976520315
0.312959345669001 0.053787949985726
0.352616516571779 0.076195748092698
0.306594473918245 0.044709512984711
0.327105143725455 0.046869940611939
0.358940330035491 0.050161858578288
0.363008277194113 0.136095754399940
0.371185239111625 0.145621033453206
0.344317143011986 0.204285927677660
0.334155771105623 0.186739993834281
0.369771629278442 0.264890344005493
0.324614488205227 0.249995110207235
0.295950124643720 0.248778729349737
0.317490781339580 0.322998776716645
0.333172067223663 0.302937815572572
0.337522875674778 0.293597273199631
0.380159761933684 0.295991734739389
0.389090633200989 0.289937166632124
0.368793525439125 0.288359127141703
0.376599334821384 0.263131477992577
0.393978288114992 0.253594297568125
0.404702051265492 0.229485971960000
0.437586645799497 0.226332365640594
0.421358281477056 0.193866496530299
0.364004962315785 0.199222131259377
0.403988237680862 0.155403243450170
0.471109067774894 0.106828442358798
0.392976436946996 0.095179258424407
0.371591163506541 0.049146324419019
0.420049260100373 0.052059686301304
0.437371821812062 0.075626049691637
0.496776297919814 0.081478920337501
0.573430071851905 0.038631060178685
0.592774298783752 0.039205701574313
0.569019160498408 0.036133999487448
0.652855892969694 0.026489729074058
0.521940833200673 0.026411291689803
0.571369483867367 0.016155376572234
0.611633978603237 0.015651647474455
0.647522824186610 0.002740986646498
0.821819456211207 0.003615671304807
0.968234276384224 0.000059562269626
0.909233569590949 0.002010976430965
0.984111530698888 0.004007605372000
0.985604150214048 0.101379116578670
0.959748536329599 0.074696425848965
0.958065561930679 0.094886667604971
0.958763852696290 0.117102072628728
0.992944585621797 0.117282392511741
0.946906784524632 0.132291160119833
0.929595892284809 0.139776044590294
0.939661879064358 0.071853969279609
0.916809163483236 0.145743317969955
0.924870397860590 0.102973060730367
0.895346296436780 0.155069563610046
0.866529159651384 0.089572895359980
0.860504509816181 0.088353334035889
0.849248647153959 0.057470548459082
0.893368546335664 0.042839838677477
0.914303071756988 0.051925673639367
0.901731547388123 0.027061075916077
0.915475768463442 0.035165275929107
0.905003565785011 0.014302711940511
0.840690841824138 0.025381168362396
0.814631323243785 0.014422899118822
0.785355789021289 0.010230625518705
0.815859705123985 0.005865966903915
0.715327155178100 0.004366856070406
0.766930873397240 0.008502682674910
0.751993310522285 0.007530657578041
0.790314974631329 0.022631229377646
0.822328809566018 0.018870166511680
0.802831631527670 0.047269043068992
0.801173905283759 0.105818549220366
0.867721178507302 0.131056194254689
0.898312332061265 0.159234649110229
0.904856231019300 0.194121396725123
0.905612969727075 0.307929062893581
0.864492778603217 0.270622153426810
0.866637461290992 0.255499509282177
0.862721659644843 0.240855667852264
0.882832076811619 0.173562137025205
0.831815798222933 0.138061779615498
0.824120415758398 0.131947272984286
0.801307514217360 0.169491459228793
0.745310881522163 0.183410903989994
0.797957553434166 0.228867281334879
0.800895728543818 0.217536017399997
0.785892258298533 0.211242507310231
0.792667177409244 0.188955030492020
0.816256410356730 0.177556297358850
0.838112552574888 0.183756217911726
0.843704841958221 0.225468966749249
0.799747289996476 0.230858051325594
0.794972312075539 0.260922023682353
0.773208548209261 0.248623396851413
0.768813635580621 0.227078794607464
0.690403187037633 0.180817019278564
0.684318318816050 0.214240263315961
0.600787105784187 0.219667714191446
0.626741885965104 0.230668502967185
0.630893243304870 0.244498398734489
0.640065896157206 0.248763078473864
0.600840542279575 0.248839220613632
0.588059813523693 0.220581703456390
0.589083718875928 0.294922354302799
0.626764536661452 0.291179391691079
0.692053533947120 0.235379098092848
0.688643780391963 0.193986179863096
0.706109059372036 0.205108836854393
0.706921926097442 0.199935007933497
0.715801727360022 0.209990630489770
0.715399936640356 0.223016815829564
0.703252912360827 0.217767606125105
0.709316118950637 0.250310055096778
0.700142855150692 0.257920833890289
0.740702410107806 0.244309119528303
0.749376763938636 0.255138964045392
0.761255365219552 0.330909831603481
0.763431704958636 0.327145633440067
0.766069570913012 0.329783339206960
0.764487061539892 0.279969489797936
0.791480972800162 0.267656375313018
0.800018943753102 0.305487537898816
0.812476751307248 0.321817870867354
0.825986561284394 0.328469025589744
0.908749524927116 0.362129426264264
0.965703825450364 0.389962068009173
0.979232478411511 0.379853728869862
0.988318935496881 0.306821585310074
0.913091094192626 0.362858873960962
0.911164723760991 0.355895867271300
0.880916353259662 0.340986892739770
0.952064727876366 0.291114166048874
0.946708925974885 0.258722458620892
0.968434789668971 0.144415154654726
0.992952808268812 0.146966648356508
0.994395614133401 0.181406656364634
0.987292994273497 0.178705524270751
0.997600516768918 0.231106768004180
0.995713126378000 0.335307196870124
0.995332443153175 0.430765518187902
0.989977878513736 0.535653060085910
0.986763855901903 0.560588853694773
0.980101072685840 0.587030714651118
0.987529637751882 0.620477939779161
0.980791656291481 0.624587313562905
0.975175178598228 0.583387497618509
0.967803652848957 0.515789420584119
0.947622113836753 0.508325208680856
0.941287218100059 0.498632907168303
0.942183026085693 0.512188606202690
0.936440346732941 0.491480249674749
0.947689184894641 0.463830375794242
0.956300343366480 0.452104214323733
0.965220322816270 0.502536532703106
0.982473063740168 0.484247405773144
0.944360590048302 0.382257815628433
0.929910743576433 0.454646665348973
0.920172531120559 0.456900829662057
0.906666283452262 0.430096956635870
0.899670192925106 0.386350239341310
0.892380369777037 0.399939506500931
0.863061473175446 0.369061526082950
0.873619309567669 0.406812292713119
0.880244378876055 0.434389638916771
0.884676890859696 0.449800583277736
0.872916539606134 0.541863149749983
0.894927742376424 0.511770283575994
0.910414806525416 0.502193518216812
0.933269839237104 0.561965659522435
0.933914818304551 0.583895855855148
0.930575854578324 0.590609201505133
0.940712561803270 0.649834794294944
0.950943850889310 0.612489838903998
0.987333992024574 0.651997837541624
0.999911635182757 0.666117838428411
0.959502694178141 0.670278104799929
0.935720434848089 0.689519564942233
0.935561521880124 0.711131004947764
0.898219476872226 0.687042901146711
0.910586904692737 0.655047092891786
0.885597371908649 0.632669086397006
0.866917758186775 0.665311982233688
0.866921374046673 0.669696681978971
0.900700933253719 0.692644102821427
0.896230830762643 0.694034009098091
0.916650325021078 0.720594979226866
0.904418262608544 0.751304038218830
0.866116951623055 0.717489912043088
0.880988105610473 0.701114836941061
0.881366722696166 0.692655413734100
0.833695840944394 0.662314108881314
0.825338561006514 0.655871808368653
0.812889256893140 0.602456462850075
0.853617568432175 0.631340729832342
0.873476514533850 0.623220671258504
0.860803737240286 0.570770437629321
0.868046148618705 0.562334486545219
0.837696018553197 0.575034409097878
0.857824022349820 0.556148292290116
0.858019912083642 0.543592135675062
0.841828119401740 0.482888324411068
0.813096051948655 0.552725150507281
0.834453932398210 0.576677093550878
0.839428935125204 0.600990908034607
0.800351171661332 0.555998600346967
0.776718017075545 0.604635911343915
0.747384097309496 0.580354267070235
0.771137832091720 0.593719568380024
0.734834900002384 0.558049008975760
0.772571317279977 0.531760889818781
0.781659694286836 0.528655740212954
0.749653431470344 0.500397087307832
0.801493085828374 0.526375888626266
0.799779801536249 0.547911095222417
0.812243232881764 0.502996738768647
0.806971897281228 0.461522594774851
0.806411112102871 0.432791251890730
0.843856721112438 0.463843719318436
0.785262122650287 0.388260808954137
0.840222002398326 0.412003888009118
0.861465696646583 0.393951882326022
0.785057071961955 0.382831480532340
0.791010450008796 0.355531192084556
0.799426528066130 0.316713215465058
0.788542733894914 0.314422688127692
0.759377688523092 0.343532634127667
0.737588582903887 0.356255199926093
0.736264068510506 0.380088896201965
0.741578718527024 0.457288786981855
0.777380613040822 0.394738916025841
0.778000770964660 0.440637184046506
0.767463526114572 0.463132393296404
0.792532936573277 0.507507317004496
0.753855350778371 0.478434836249070
0.738554135774520 0.462512351787888
0.706980382421511 0.426296721876737
0.723279210609980 0.388466978626543
0.709203716697732 0.372950176416407
0.748959513264224 0.319705943260205
0.745526870594140 0.279657327234585
0.724589777050815 0.328108526919088
0.703913241021295 0.312596499599794
0.700926828058868 0.331721883421634
0.693907518728593 0.288819368597502
0.698770992317596 0.332697709711593
0.707612905980839 0.338950548478845
0.740158619238138 0.329846221641566
0.714926577971748 0.356916345822120
0.706127261140443 0.359216232485704
0.678030285368688 0.387109507521200
0.673854673595100 0.424570211407063
0.658795354263296 0.412503681337695
0.678628330900626 0.335961795102787
0.656169751033266 0.304509682256966
0.657294521414346 0.295076193425374
0.636422377841744 0.308224874692142
0.632956376594005 0.309278934406712
0.649311445490137 0.316911316624336
0.636452469805466 0.351306893560713
0.601134567801438 0.348326053632575
0.566771866086299 0.288944968622618
0.559932564645974 0.332334950721047
0.551062906883221 0.302296311269652
0.585746762149849 0.219902694793373
0.612955500657184 0.189690702217487
0.620076719960234 0.150025308667694
0.621006996194370 0.120326768197271
0.620738723604353 0.197370753249792
0.604742607383403 0.207267363186584
0.662619962665541 0.204984798191574
0.648770376876355 0.125940802565748
0.621952350075334 0.083780638912591
0.607540039628530 0.096205438066370
0.573451982146805 0.152927375935450
0.561208086349633 0.198437604214269
0.577099940076983 0.193024390466988
0.587378768989527 0.191739727366594
0.549054461787014 0.259917970402128
0.569797137551846 0.247560021582786
0.547590961934808 0.304014690361924
0.559427759404959 0.344263604536775
0.498123936587071 0.395962392630038
0.501060812501731 0.405715075044760
0.466935960793372 0.397245054318218
0.429001330132131 0.387864344933938
0.424154646426511 0.395109931191015
0.482418728751325 0.427016064723495
0.433444761407303 0.443116897457799
0.369748390917549 0.426651026786608
0.357178054450628 0.425629429251714
0.357316507192942 0.446690469722585
0.364183243533682 0.448237232606968
0.364341881295825 0.456074053168331
0.411805135855360 0.493514108235722
0.322666546945771 0.492796450151501
0.309903991087295 0.494317740432135
0.356085281053598 0.506736697865062
0.375410153239691 0.498876500641404
0.387525478092733 0.507621684348035
0.323329874464930 0.534289211749234
0.295200665153191 0.489485703636653
0.320985709932160 0.458085479893761
0.324765489587917 0.445404560512586
0.322776314021450 0.426377508522187
0.317148784323199 0.380916739991362
0.356316030657066 0.415768226802241
0.381805478772989 0.390123744676879
0.419530641948586 0.397507975528719
0.367736352313187 0.346901935686777
0.407974089685815 0.348721065255218
0.398472895100002 0.318641276247167
0.452973864252201 0.281358942054845
0.465867202014600 0.277762623633148
0.462385385046893 0.345513452005346
0.456711298067454 0.364100837318274
0.451115348120739 0.366832961033486
0.499294685898020 0.355208800805364
0.503147196724614 0.351022295351616
0.527752715874348 0.294200498747733
0.482240722739250 0.250231084996011
0.493222893445391 0.234377458335076
0.525067814870303 0.207696069128670
0.538653184910609 0.255731830958152
0.525044559279943 0.206799083951301
0.509536998118058 0.193618381486097
0.525038921984396 0.198630719072479
0.553346252326549 0.127626761853521
0.550443100533655 0.127572528146008
0.499382792273249 0.129899650406977
0.550118238455671 0.095682422209383
0.578879315675646 0.103575429461699
0.600462527759589 0.079565442669934
0.626915456553416 0.060881217504331
0.638673750981071 0.052760957764816
0.648999293636996 0.075013168656739
0.675827330758715 0.119892284329930
0.686291241872260 0.139967856993884
0.700483914325239 0.164252460545046
0.766328729580310 0.144968552582417
0.743277903526685 0.181530416096342
0.777087328386068 0.134965537178780
0.720859282054407 0.122159354445599
0.707919986316897 0.109333397871504
0.764562502859422 0.095627794552421
0.710919264103714 0.038023136108193
0.649889360950277 0.052138994006505
0.605337824023020 0.046734132825739
0.598817094508008 0.057000300873537
0.552544327710077 0.086939508601529
0.537539758969815 0.090742018581714
0.447348371356422 0.161443447769360
0.448992289811835 0.235509917249675
0.482023364157427 0.192656451460280
0.488274551224091 0.184534190774213
0.472675171435194 0.258162517220789
0.445580305273449 0.266203243409378
0.329712711428158 0.342806341286193
0.310420352178822 0.364233059512560
0.304650329195266 0.363222029694925
0.274540925991973 0.350381002924582
0.245113841372129 0.403322866839973
0.251325307996629 0.455467865083119
0.309385603437845 0.514624666196585
0.249182149418249 0.505943706494730
0.235560255234856 0.435955520456636
0.200086526200216 0.463847516786236
0.177576811601211 0.469994498635640
0.180175384124823 0.450592191634044
0.148059924667729 0.461890536109866
0.155724960917479 0.475750016270089
0.162997616065199 0.477460192273120
0.140365486098624 0.493908185741821
0.149392416770287 0.568665722649854
0.144490507032951 0.572450201759324
0.102856463800583 0.613451504899865
0.088298671454330 0.611961647221801
0.096153681676906 0.597930311038126
0.123561251034756 0.580850238716626
0.126455007645513 0.580873720618372
0.109800693630148 0.574298890109313
0.077015641646933 0.548686599148757
0.114422074106718 0.445050916841743
0.134731103728866 0.453211148480517
0.117439132704138 0.436971924936851
0.099984375340857 0.445227349384328
0.067191519340124 0.381292004315784
0.046482962112167 0.457364149604628
0.068229534695032 0.457921257921458
0.065662925627857 0.519429621994230
0.087983722839497 0.620664096726414
0.090899212328205 0.628392447078783
0.167708803046359 0.699488827818767
0.163522819133253 0.742367986469701
0.184488688681502 0.712274822272488
0.208631727941628 0.694104085068267
0.224179298255676 0.715741116421177
0.304986100785893 0.760588768292493
0.322217833866467 0.765404061770720
0.376375491440471 0.762513142434188
0.371156496634314 0.737690362491501
0.402840984707159 0.769514118213912
0.410854574949879 0.753414521810326
0.426090576418718 0.743400390606094
0.428186242202384 0.733979670207007
0.399044403526487 0.741866226187845
0.399972631782281 0.692514601486043
0.376211836177954 0.700021869828935
0.256738097060815 0.728803790513800
0.375050788919931 0.695854412250153
0.367209066807855 0.697137051586591
0.389995963494291 0.687511089578043
0.261649575206288 0.716983007135327
0.232657679930636 0.698611709614569
0.251274515991693 0.674182278418067
0.238948035165178 0.668005677251148
0.198220629337346 0.680234065130462
0.196109160872227 0.657358453915156
0.189288837457676 0.665816757206720
0.180756167127172 0.671247080746687
0.141211418500734 0.667329531473727
0.136789454676578 0.621263152277685
0.158209975416870 0.628449269397393
0.181122266306133 0.647755655296033
0.193171550144056 0.654395406439153
0.160472887642902 0.536000401496887
0.184583763677899 0.516502487713705
0.208072004936669 0.590964564863110
0.220741015496077 0.566704738683395
0.216883555155659 0.517911355252336
0.237208641710323 0.525055669026941
0.227524137696030 0.584807940099765
0.199814669880930 0.628085449630434
0.243847050351951 0.590614016908507
0.213219409907805 0.646289675331809
0.241153142992944 0.638558114710524
0.207464759334673 0.651939160028444
0.270312061659206 0.631204638458418
0.313418830425208 0.644095280041962
0.301815954177555 0.688055442966547
0.340444239014967 0.663008837803737
0.344266156826292 0.672126293961018
0.362562576012017 0.652639141144529
0.378414679494880 0.633738421664451
0.346279558421243 0.654872763275575
0.343065754670215 0.654774340174522
0.278769882991337 0.628630835855673
0.283292481807662 0.622080290048421
0.245041327199452 0.609348613121243
0.253571630573632 0.559345724321597
0.271730002608024 0.568947653551096
0.281503621154234 0.572311732718866
0.329523166795039 0.599252536240617
0.343455706417307 0.612939140113508
0.353766264093000 0.606722416173072
0.332052304564068 0.632598472122382
0.358388668558741 0.642907330600036
0.377610868018871 0.628448779521719
0.388864453597397 0.592763970416395
0.327751641780022 0.573571882477762
0.356500332875410 0.537688573607099
0.366280780344401 0.543102185494780
0.390976127884805 0.560952533297684
0.418611392108077 0.583695446878530
0.413370315643666 0.547628930559209
0.426944721223295 0.564491675498193
0.422072019624557 0.593157837909254
0.413942509523566 0.627463053272787
0.397951165399491 0.619996433435006
0.393129937068154 0.619478747537117
0.397953392191768 0.642843081449551
0.451580137690334 0.626870936074700
0.509044434646631 0.677315606585385
0.410951989428584 0.679143694080014
0.414176467998967 0.688459756173408
0.490177772701801 0.712140892963922
0.524782283941648 0.700605244702010
0.520780110974228 0.683694510107718
0.520872621573914 0.652936934797530
0.537148317106603 0.629307349039850
0.535660566545865 0.604664348347422
0.508460645800671 0.626643337601164
0.466011413590057 0.619197579854726
0.454366737256929 0.599408113676779
0.446028907991028 0.591648068088874
0.430430088392659 0.584332039386189
0.444445003031029 0.566241916998402
0.465810522188344 0.570053460341903
0.545169040814587 0.583885401759243
0.516427696922993 0.578059035156881
0.500248813303303 0.573860438342141
0.478069079331155 0.563472213485964
0.517467798906131 0.556116080636213
0.466876844627260 0.503240643303488
0.449020380363343 0.522110744622588
0.461208989127171 0.537485401396400
0.443654020523491 0.549645899585283
0.413730744465129 0.536932808597075
0.422910824149340 0.532792750062790
0.433181161728306 0.480499995164806
0.416222550168737 0.475876314787137
0.387488920887694 0.458345021800299
0.482068255768189 0.485781432821314
0.455600967377238 0.463596655737421
0.519591260477710 0.465254090011704
0.489453882206908 0.444884667380194
0.511096917796459 0.443640651853588
0.516206379288904 0.432764001857845
0.532249124502879 0.428533948691810
0.542900740421797 0.359808501489371
0.547867587091340 0.372659428218687
0.538750310679316 0.409007863332055
0.535425429481745 0.430397376618533
0.551587034739362 0.454425132113707
0.554974100810929 0.372621739922381
0.566475841480529 0.397804740070274
0.561381322127479 0.379120835745298
0.607953406687804 0.356150124387886
0.665191985976506 0.369448996321042
0.620076495045832 0.399418839905140
0.631773172706260 0.424018541548410
0.625800373789761 0.462236832576914
0.624652036290919 0.487006861943289
0.689403038327304 0.513248464331612
0.676195313071923 0.526846061240344
0.649754012306106 0.536397335834986
0.649001123220195 0.533207908521037
0.663280180032961 0.507377141857230
0.639275593049487 0.507099983518524
0.646146125461043 0.536119967017379
0.582427351075424 0.457962617957016
0.569316370677816 0.486210745985718
0.559294288307100 0.533026646139578
0.561186169069813 0.544335761360980
0.562119474430624 0.557064701596771
0.567021705939910 0.523448433970776
0.577881855227929 0.501314339461417
0.597994783706029 0.573253917774769
0.576878468309007 0.600544212665662
0.584912015863188 0.580929191122264
0.581325257933384 0.573410379967378
0.567006831787064 0.591963658384962
0.560851510875324 0.606786363109381
0.591112049106095 0.600308170821661
0.620664707208362 0.607893068626473
0.612022266076888 0.567542156468864
0.608137190159474 0.558952030520398
0.618915929281579 0.579294044328525
0.693206241211484 0.588093734620183
0.665278347053229 0.580966538554508
0.701123284968139 0.545488028109767
0.735003287314904 0.575634908664802
0.729126579933393 0.593307548944516
0.728178515903735 0.613958142983708
0.715252952051932 0.609158348575774
0.702845655708968 0.590032606194742
0.655586675580399 0.618587049012346
0.680788820926467 0.614528594359070
0.654086801993701 0.627982981329776
0.577577213094373 0.617717856363262
0.584597786229382 0.650466218893633
0.660899036406027 0.669719784832429
0.671703012507271 0.657439507850185
0.720941686407170 0.626448818774172
0.714648818929982 0.698166424268003
0.698648154595237 0.662619564525140
0.716132944783258 0.715160289181005
0.708492045620685 0.778818665900649
0.668855460206445 0.723790814505793
0.704653192639655 0.775953336048850
0.642321988773682 0.745634140793995
0.633991462939415 0.701895050100002
0.617136519223981 0.726119127928335
0.602984413319726 0.712598902970831
0.592792456314337 0.702440490341950
0.595739614495886 0.669803821328005
0.574891127913674 0.722495989279121
0.549734683963347 0.727047013457421
0.534348067610687 0.735490137587995
0.611887298343651 0.770088972416748
0.631211790550133 0.778851677094983
0.636766527610257 0.746594687340127
0.638805399946312 0.792969247695510
0.653250114365132 0.815217182419830
0.584480907108859 0.817967016165129
0.565491126182252 0.808972375378465
0.572193857083187 0.787386986328003
0.552493477031818 0.766552271212708
0.492695245655577 0.743547478105662
0.524384539818570 0.751900948002888
0.547160649461281 0.743441195107736
0.529286558986309 0.736305307474129
0.442773681805829 0.734950520906109
0.490279129468966 0.747785854501550
0.524170545173888 0.803015644104693
0.434458497182680 0.772076235512307
0.421895852508906 0.803321771697757
0.401274083369073 0.792684628997317
0.390699019371857 0.787495961779494
0.329024402577907 0.801039989945032
0.315427525581525 0.806938879101974
0.390373655311006 0.824733410880311
0.442234545686391 0.825997379527426
0.442870365661974 0.836041523067300
0.431192777786028 0.869961382294987
0.467214010407782 0.870638122256211
0.418744422690358 0.871800845894870
0.394892453399902 0.910811323165340
0.402643012070396 0.913581018761537
0.396473093142953 0.924521980772038
0.357743821739100 0.912174913525663
0.373280206869021 0.884450977614359
0.351247884962358 0.916227553466441
0.368689614519798 0.926389839931573
0.378723618750797 0.938514446345397
0.314457641129595 0.940914540058428
0.390827591712972 0.952306924365604
0.337038392358012 0.955614743733599
0.376979358669826 0.977162051935290
0.402680397221204 0.951782726194608
0.394397023783250 0.941410260713385
0.488726011239330 0.858328302324902
0.534688524219528 0.870057430523474
0.539563686838170 0.859448071503755
0.401524895523454 0.801947577764256
0.433589117337758 0.809926779386553
0.462840988050607 0.806550237260084
0.542490005280119 0.839517738129719
0.553093617108228 0.834847837609634
0.555459256542595 0.827620842879461
0.560510062407940 0.853366648710038
0.569075117152685 0.831009689174131
0.617592423044887 0.863668471045638
0.604571079185498 0.890872137104567
0.569965862934462 0.875225087104004
0.543946317184691 0.853302324122424
0.542784574694366 0.874300422554044
0.519782705474544 0.895505419883647
0.513525613357092 0.898975250729814
0.474283066799065 0.903756394471860
0.410923870471736 0.945227186635708
0.440542914644137 0.930147151895867
0.453841733491906 0.945228259984976
0.459758061664066 0.967996578183024
0.446481449737438 0.968328191884015
0.506335107845410 0.983283332541251
0.558315174448451 0.942207948743463
0.512401181046106 0.975452994450672
0.514162466169411 0.969853273113190
0.516453320866662 0.921261643954209
0.532248712858301 0.896899698254140
0.544585182585095 0.894120228893180
0.574122377938648 0.918795588854139
0.546534115237433 0.918138075581816
0.591681600358189 0.959719170331824
0.574074398993549 0.978675743555034
0.623972444154309 0.983192421488088
0.632865121417150 0.952290403168784
0.618189593599266 0.951170080784322
0.633245418143107 0.942229359849463
0.548311802813928 0.894714489530173
0.653473360302613 0.916731448339639
0.657026402958215 0.869499414167134
0.647739149466036 0.847558552328292
0.638000893238001 0.850318702799416
0.666826681078797 0.793634807594882
0.773618413029992 0.777048961621266
0.756790234128381 0.766374181381601
0.782444336815944 0.747693902229748
0.813194981689190 0.734976819592983
0.828612743797066 0.751353748026934
0.822365924633279 0.711312607261963
0.773531261260403 0.704227559596406
0.738860549749276 0.632299477063259
0.735237120527419 0.601151974220365
0.794797876288555 0.607430959868911
0.789628550777970 0.658956660264617
0.779228606624170 0.677852486575885
0.773504703665853 0.674772486870537
0.798574841953150 0.691235307925956
0.802626659536095 0.683939014414297
0.808880503666066 0.687714354920999
0.826004466426561 0.712972548656619
0.896964705966862 0.798402974753828
0.861125907796028 0.776290323481099
0.784226802077250 0.830079767773896
0.813053341029702 0.831340421378305
0.864506487205860 0.848942825966022
0.866767400813646 0.817490354561010
0.899450340261427 0.847441459003576
0.916206759361647 0.854361568975431
0.942391757826503 0.868635926800145
0.964794986399261 0.825279082090258
0.941862614798296 0.835591256541941
0.893641056909059 0.808844826095200
0.943094747114505 0.784860260684444
0.957018455004794 0.788514186529682
0.979451104523358 0.675415653584253
0.988607270637810 0.709884210354595
0.978048170906514 0.734101670204709
0.967044190488311 0.777630165581419
0.969566057421996 0.863214114617190
0.971428456237273 0.889116547018809
0.979687761971582 0.884274824934208
0.968649417147343 0.994381774679935
0.884579676149683 0.997603945898639
0.961563991830481 0.984124076079635
0.905826459594921 0.953934851546742
0.941603832385318 0.924964307306783
0.968339721657494 0.911625931463961
0.925870633183918 0.908200400373060
0.900295516895268 0.855261369075282
0.914986523760011 0.920364895332775
0.888581287529590 0.916367343122311
0.864004781406375 0.914391032845895
0.806717443189918 0.836568721028310
0.825000411283691 0.883924930302391
0.655600833546184 0.847327099576279
0.692444184651805 0.856421606082666
0.765684931429888 0.890439811577294
0.808023393530410 0.904506761070577
0.781388822375512 0.912325222004356
0.774708584311748 0.915994792671872
0.818802254655772 0.917084454054518
0.835207914856825 0.932730361787942
0.826873501682129 0.916844089011123
0.849229029309577 0.917342832739159
0.838536912034516 0.934014337572276
0.882341805325049 0.939802592592222
0.896176348392002 0.956393416019340
0.909934527664415 0.982235910828335
0.886446915048383 0.994824467224453
0.866409425095846 0.984518116798493
0.853473728920088 0.965442665836514
0.875400483550225 0.955905538963110
0.830818895637439 0.946879070693105
0.830630256249863 0.971472891499974
0.727401155385841 0.988288150629163
0.765769937897925 0.946394010422003
0.730004070666621 0.944348070278926
0.694542354296214 0.927996311303226
0.709244328415601 0.912878021557293
0.753354429152494 0.919094497300263
0.692789975410695 0.901317567518594
0.685275971277280 0.901946519921509
0.698568993107681 0.916566218210648
0.682399015260115 0.922600659505744
0.651209328161184 0.969031006549034
0.648726958617907 0.982018071218402
0.689502780181124 0.988716140849849
0.619702494991805 0.989360040514432
0.601749619749258 0.992719682395793
0.565539099539416 0.980546683063985
0.484477366080730 0.990913379001856
0.417072334521018 0.984164102926927
0.319106369893582 0.990891667544326
0.310482341940739 0.996931250671358
0.272370826579803 0.955223606412869
0.257025977716328 0.933845131627212
0.244760661499929 0.914324492176214
0.239544703736689 0.961386292223533
0.240603027977330 0.973691813169835
0.291339522828972 0.984691758632982
0.239110693912539 0.979592591980282
0.221126935547742 0.978012899857952
0.212234517192577 0.981839596751071
0.219272843664173 0.991194061465186
0.176367499016396 0.993956298098879
0.240347270034415 0.997950013260334
0.003404670862204 0.995524660682084
0.036174077091820 0.992921573106629
0.061793050291852 0.981429018537248
0.063548791251867 0.963490169478343
0.172901514998126 0.984382046844988
0.123280195576735 0.963869442680790
0.176331527147596 0.968153872978014
0.162671910674624 0.935669939003731
0.140770166246579 0.930076442626340
0.180702340873285 0.938453585346441
0.191989392131562 0.940667855525700
0.184940886304221 0.920588337313658
0.157657102289450 0.847251562796185
0.168611839026498 0.858191247032113
0.179231800688073 0.846412676780677
0.210059554413920 0.854200165185239
0.206052364411788 0.869120596381426
0.204359577132556 0.883185113260143
0.275071622931897 0.847620154194357
0.238597717247250 0.885698112140269
0.259981753425664 0.890482987226212
0.303509721673797 0.883337881827419
0.385293313481516 0.870856237537626
0.340699496837659 0.852613850428077
0.379135139928728 0.856470232762615
0.350445934268854 0.834810085052070
0.320284684337808 0.847661935653380
0.295143364600438 0.857322659277042
0.305652476523841 0.838224184158363
0.305282950077803 0.818417939272904
0.275752124039341 0.822897510054939
0.307766969924684 0.803137180303753
0.297527332463082 0.764811868204182
0.239269564970988 0.791701731640707
0.297603879728170 0.780111711369879
0.240483274329679 0.820585237266768
0.222297150745195 0.826810801786748
0.247450076158834 0.756180358471433
0.185057664841906 0.735003389760388
0.241103269272066 0.761954220832304
0.215426183871658 0.767172593980642
0.185852025256423 0.737732560717376
0.177314697847382 0.738662732643384
0.161274345666764 0.756867033316226
0.221738678506454 0.793705284965087
0.181227451740404 0.818606051997564
0.128629536427851 0.822106604381514
0.181530175815118 0.800632128399160
0.166596815998944 0.777096218791369
0.132199359187949 0.792878501486442
0.127516742855085 0.816457525741522
0.090966227506737 0.858639963371046
0.140870516719702 0.770038325698133
0.105763109450118 0.804000490719453
0.122459588629408 0.776951411635127
0.121922886987181 0.753077491537238
0.080318535715490 0.823354083031115
0.069961621924286 0.768641144395173
0.060089833596763 0.741397633562515
0.083101829552605 0.765067132546132
0.040870899353582 0.617126778986830
0.053733605450827 0.707579037504075
0.040604444705231 0.641367571727078
0.031504084370799 0.683109314499008
0.035779546031626 0.783271501671184
0.032557741754017 0.797928054722924
0.074652778950824 0.837841394281872
0.055046186808053 0.837323226890212
0.042731743791481 0.855087789173745
0.078711104150261 0.845133656098104
0.035001324971673 0.959910776913125
0.071483466341851 0.872575921412826
0.136714860860591 0.892976733340405
0.162774630898039 0.921862127688649
0.154227593054170 0.915602492594906
0.124696022888970 0.900702984491691
0.078567769415010 0.896346331991417
0.063124398264626 0.955927168464254
0.041656412203636 0.972879589057006
0.034696850010518 0.973861894092458
0.029578624772643 0.972976338571392
0.033776497484081 0.828882168898770
0.023417600907114 0.850486593717004
0.024823229305829 0.876840023732204
0.024108131427368 0.882769712192365
0.024194463167430 0.898056966670815
0.012909548363141 0.778162425746286
0.022580399654145 0.769939444386372
0.028565536732117 0.718039232640545
0.028328271595914 0.711943788319800
0.024442039441523 0.692881237572469
0.006380043461164 0.641981800851404
0.015921077698432 0.603648746667266
0.014015209867626 0.498159514972083
0.031485709376394 0.566000177788548
0.038167758396905 0.560292375534909
0.034043305569349 0.521657854561535
0.040209630522975 0.494279247938785
0.046875199790520 0.362003532406876
0.052685064288175 0.361946240236026
0.118828249219259 0.404690655602464
0.117728868088559 0.420940544186598
0.137907094852024 0.387387466331659
0.178502629594180 0.376024917408836
0.193006391726903 0.429546917523046
0.194701296833670 0.385470004931777
0.198395590855924 0.310135489008453
0.205917528460695 0.259050745171984
0.246139856635658 0.261813174589450
0.235930462012035 0.262120470526684
0.226672135399036 0.284173290377563
0.228876055790519 0.311283950838858
0.229462028122257 0.339193072327968
0.241802540720348 0.298179130674423
0.268480162726939 0.248758321278150
0.211239673295636 0.248080323565789
0.284395039679667 0.220352405319154
0.232380227293996 0.224711083911690
0.222467008616061 0.218490148064909
0.230929737086841 0.207828498542229
0.272915677294562 0.204270252587400
0.282853279860156 0.194172813647507
0.272028157614185 0.188239405950643
0.313395249803269 0.171860617199848
0.345772875633916 0.218434726921113
0.290789675568598 0.110358465979974
0.320209290981390 0.105349874638650
0.345914423161146 0.088890040334729
0.303742048937707 0.098637238190806
0.287932324822961 0.110441085468252
0.246782908331036 0.157327122593917
0.243595408389156 0.116626680882939
0.210379237872725 0.152397229407168
0.194510824603266 0.150451533100778
0.186184055258606 0.173371292731432
0.173045268828536 0.253889026238531
0.183252276472399 0.302467332828076
0.168702440880566 0.265215076163977
0.163675741834415 0.307830825591381
0.177219041705699 0.320585690122370
0.169788281512348 0.377763990023063
0.149693043506561 0.345507330887722
0.132454063339370 0.278518900404926
0.126839474368300 0.338780726929559
0.140677923867795 0.353769770522495
0.148029781946926 0.364782149142019
0.120025660898548 0.368056229487088
0.053415924801219 0.357230684420667
0.049456250876866 0.356682247182672
0.049193361796994 0.337315815192329
0.040547817964362 0.362515634560266
0.030479677967019 0.381611882421007
0.028693289043705 0.404262369686860
0.031057444881209 0.455879969734643
0.012040125211719 0.372962906199025
0.013458784210244 0.310044505777790
0.030682756579799 0.323214381152398
0.047816777624105 0.303789651162824
0.059218801585594 0.315926258133690
0.074820758809718 0.295809518217952
0.113521524757855 0.351828756906012
0.136064061492711 0.259043799833881
0.163137979415775 0.241694889143899
0.147202608709784 0.230560665126220
0.137184964556799 0.246927119440831
0.127535341366909 0.269117069090305
0.101714839274862 0.261017777612907
0.091502613896272 0.259536676229693
0.086826564318885 0.297204013120944
0.078739685508767 0.276988688519685
0.068424949920003 0.266284204212150
0.083757344206682 0.159015716593254
0.084975671062700 0.146475599681249
0.053979682295574 0.107658988380646
0.082340125964182 0.117379441446336
0.085604192728924 0.127314034908691
0.137712688249402 0.149702964420292
0.129893481791901 0.203396371194812
0.089085280005394 0.166972434225945
0.100941001018947 0.227063460846927
0.134543130236931 0.213309799885987
0.141543152342338 0.207112180165533
0.150593562587441 0.224489403993119
0.164637586644216 0.232518605064842
0.184242804620528 0.173489825415187
0.154235020817367 0.165564976244031
0.178472618655522 0.167528275478412
0.172561131032445 0.157780515569160
0.144512010339886 0.135986590355628
0.101496004081097 0.112747061118831
0.090745422565725 0.112552417960275
0.101296837954455 0.102409413132076
0.128686752230249 0.108044493993765
0.132900213418948 0.103611218325613
0.125917291793002 0.120132163688602
0.150204232498167 0.127957378108035
0.143311055443860 0.122814419736534
0.147295205922469 0.119850974120130
0.149684010608906 0.102449778049462
0.190783557105243 0.150653677131354
0.203220817820738 0.136008730221544
0.244635008389426 0.057976478272107
0.221507042749555 0.082528559995130
0.175356938119678 0.070306535842971
0.171332854857358 0.064857407037568
0.231192884608727 0.036916307656521
0.233969350920045 0.024438430566545
0.269853404383107 0.012350041890680
0.173374405677139 0.018334967092767
0.114838763659279 0.022185653458436
0.124446728324726 0.027085967374540
0.192119948189761 0.038363739400340
0.191576891667944 0.043439287712536
0.136351287428453 0.050883890618982
0.116465368828022 0.076250569464756
0.104321054697186 0.047144190430243
0.051624642709095 0.076854838094141
0.029580173562085 0.182972758162288
0.020326146865415 0.264605669893606
0.007149115208140 0.232674424644874
0.029270682031880 0.158078936002254
0.020924911378382 0.072390863239947
0.027690277913441 0.081157515328916
0.002662587912130 0.019806646751150