0.000621521380088 0.757689832131234
0.002662587912130 0.019806646751150
0.027021619503862 0.009821461983873
0.008330407556300 0.026425736502943
0.010231349156346 0.200079639535434
0.020326146865415 0.264605669893606
0.017576853287209 0.193008101169489
0.019090685071000 0.174655225674927
0.029270682031880 0.158078936002254
0.029580173562085 0.182972758162288
0.041493084301005 0.173518331336565
0.041741687358237 0.174181388306516
0.059049534638901 0.253611207592120
0.071591981254328 0.246227252877423
0.073904797934883 0.243053100185028
0.091502613896272 0.259536676229693
0.035681466122941 0.268463732334070
0.042107281760363 0.327751172859106
0.032197103850635 0.301742531965367
0.030682756579799 0.323214381152398
0.028737569241197 0.314940048994003
0.013458784210244 0.310044505777790
0.006908918734132 0.284678255340400
0.007149115208140 0.232674424644874
0.005748767408425 0.338160058640949
0.014365257236345 0.343334661025244
0.030818570885257 0.335703172877293
0.046875199790520 0.362003532406876
0.040547817964362 0.362515634560266
0.030479677967019 0.381611882421007
0.012040125211719 0.372962906199025
0.024751093715779 0.389939092281246
0.018569707879131 0.415392826039061
0.028693289043705 0.404262369686860
0.042284445856830 0.419725175676739
0.046482962112167 0.457364149604628
0.068229534695032 0.457921257921458
0.044121319448632 0.479743805471688
0.031057444881209 0.455879969734643
0.012637367943599 0.413258128060614
0.028829688685401 0.508321484321878
0.030642548124605 0.510505887451817
0.040209630522975 0.494279247938785
0.070388698517526 0.463985410269343
0.074719138478264 0.448534698434423
0.098240508278013 0.416812035914889
0.088565900497402 0.433316496402638
0.095615139741271 0.452718935186378
0.102686194750800 0.443832436317500
0.099984375340857 0.445227349384328
0.099195334175227 0.423841261967943
0.103038087069540 0.409801946212445
0.120025660898548 0.368056229487088
0.126839474368300 0.338780726929559
0.121931940839594 0.321531033293126
0.112751429953031 0.287199785135314
0.104328586768512 0.308577608926491
0.113521524757855 0.351828756906012
0.081097269468520 0.374062290589354
0.086826564318885 0.297204013120944
0.067191519340124 0.381292004315784
0.052685064288175 0.361946240236026
0.053415924801219 0.357230684420667
0.049456250876866 0.356682247182672
0.049193361796994 0.337315815192329
0.059218801585594 0.315926258133690
0.047816777624105 0.303789651162824
0.043786039130663 0.281759806108549
0.068424949920003 0.266284204212150
0.078739685508767 0.276988688519685
0.074820758809718 0.295809518217952
0.081942665894489 0.289748379164258
0.101714839274862 0.261017777612907
0.122885400020930 0.267325034023880
0.127535341366909 0.269117069090305
0.127428976412597 0.247125276013801
0.100941001018947 0.227063460846927
0.079209327268977 0.220270431703082
0.035639261843469 0.084031742570937
0.051624642709095 0.076854838094141
0.053178004013923 0.079579535443140
0.072553969487806 0.094410622536396
0.085256990085010 0.113584628847234
0.090745422565725 0.112552417960275
0.098740591713572 0.102776286240097
0.085604192728924 0.127314034908691
0.101296837954455 0.102409413132076
0.128686752230249 0.108044493993765
0.143701918024431 0.123756586165985
0.137712688249402 0.149702964420292
0.144512010339886 0.135986590355628
0.154235020817367 0.165564976244031
0.155984211320050 0.142824720192153
0.150204232498167 0.127957378108035
0.147295205922469 0.119850974120130
0.147994896000249 0.126510924718581
0.146100876455242 0.126415491162993
0.143311055443860 0.122814419736534
0.132900213418948 0.103611218325613
0.190783557105243 0.150653677131354
0.203220817820738 0.136008730221544
0.204012105802080 0.102614601190488
0.200033234059826 0.097676599443740
0.211417924245548 0.094118170949685
0.171332854857358 0.064857407037568
0.136351287428453 0.050883890618982
0.221507042749555 0.082528559995130
0.217168137997933 0.074837362428586
0.245374298768758 0.095473440408461
0.243595408389156 0.116626680882939
0.244617961461012 0.123903976811051
0.243244478126636 0.150885092164802
0.280865169726715 0.164098094293893
0.260598761616554 0.184107768900743
0.272028157614185 0.188239405950643
0.272915677294562 0.204270252587400
0.304874779798498 0.218085854881483
0.282853279860156 0.194172813647507
0.300079138623587 0.187202448112519
0.304250484474120 0.187230502342447
0.369771629278442 0.264890344005493
0.327288479230967 0.265809718643227
0.324614488205227 0.249995110207235
0.284395039679667 0.220352405319154
0.273092798084529 0.219724949085957
0.238077933079599 0.207089463810944
0.295950124643720 0.248778729349737
0.326891219395628 0.267499706366798
0.268480162726939 0.248758321278150
0.233891566392915 0.205237865543569
0.246782908331036 0.157327122593917
0.224334946006692 0.161902025883040
0.226193125930705 0.134146340719492
0.194510824603266 0.150451533100778
0.184806285046416 0.157991181666959
0.210379237872725 0.152397229407168
0.198452349378938 0.176971349481946
0.186184055258606 0.173371292731432
0.184242804620528 0.173489825415187
0.178472618655522 0.167528275478412
0.172561131032445 0.157780515569160
0.129893481791901 0.203396371194812
0.127599723696522 0.162116768379750
0.125917291793002 0.120132163688602
0.101496004081097 0.112747061118831
0.084975671062700 0.146475599681249
0.082340125964182 0.117379441446336
0.053979682295574 0.107658988380646
0.076769525220976 0.124518928641695
0.060517867589611 0.145635519244538
0.061426314553910 0.150513039506279
0.101541875908869 0.215385010100615
0.083757344206682 0.159015716593254
0.089085280005394 0.166972434225945
0.109062873809162 0.219427761258291
0.137184964556799 0.246927119440831
0.136064061492711 0.259043799833881
0.132454063339370 0.278518900404926
0.143863571874734 0.253134067288197
0.163137979415775 0.241694889143899
0.168702440880566 0.265215076163977
0.173045268828536 0.253889026238531
0.173370773984758 0.252431059839405
0.169285921924415 0.244225274419517
0.164637586644216 0.232518605064842
0.150593562587441 0.224489403993119
0.147202608709784 0.230560665126220
0.134543130236931 0.213309799885987
0.141543152342338 0.207112180165533
0.188468973705763 0.197147792297019
0.230929737086841 0.207828498542229
0.222467008616061 0.218490148064909
0.211239673295636 0.248080323565789
0.232380227293996 0.224711083911690
0.246139856635658 0.261813174589450
0.250268569798334 0.294195549699569
0.251292697271003 0.343345760062032
0.263752192381654 0.355153464411922
0.249417976592396 0.368805869188535
0.229462028122257 0.339193072327968
0.226959067036844 0.322083440293597
0.198395590855924 0.310135489008453
0.218202401054186 0.305480617240761
0.228876055790519 0.311283950838858
0.233534172751724 0.324367368279196
0.248457806300585 0.317279850746170
0.235930462012035 0.262120470526684
0.241802540720348 0.298179130674423
0.226672135399036 0.284173290377563
0.219514751909075 0.276612694038363
0.223222071408863 0.258329999287766
0.231643793746663 0.245241008813140
0.205917528460695 0.259050745171984
0.163675741834415 0.307830825591381
0.183252276472399 0.302467332828076
0.177219041705699 0.320585690122370
0.202585894708794 0.317771389762765
0.210287320991181 0.321662056875258
0.152569860291001 0.373402620373947
0.148029781946926 0.364782149142019
0.157159578593988 0.332731376091359
0.148345216246483 0.329543534819756
0.149693043506561 0.345507330887722
0.140677923867795 0.353769770522495
0.133417398265292 0.368568621747461
0.118828249219259 0.404690655602464
0.138477332023195 0.381772153722948
0.169788281512348 0.377763990023063
0.184022201776515 0.366213893688383
0.186643265274653 0.366519545841273
0.208842771690731 0.357705048917655
0.178502629594180 0.376024917408836
0.216451582133980 0.378732021143069
0.245113841372129 0.403322866839973
0.275200627872348 0.382196369758899
0.316262670474249 0.349153573787377
0.329712711428158 0.342806341286193
0.345162787635421 0.353287581984553
0.386215285577912 0.372980660932595
0.407974089685815 0.348721065255218
0.408460133433556 0.345163039558177
0.390399358417093 0.349014094727586
0.384088079158258 0.358983932695810
0.368891473565666 0.355925951784442
0.367736352313187 0.346901935686777
0.376723630994895 0.345911598459776
0.398472895100002 0.318641276247167
0.368793525439125 0.288359127141703
0.317490781339580 0.322998776716645
0.304193748302848 0.303440082028247
0.274540925991973 0.350381002924582
0.254755261007117 0.286427023953957
0.289835213818511 0.278476008343732
0.337522875674778 0.293597273199631
0.307008129687518 0.307403109645193
0.333172067223663 0.302937815572572
0.349251699330868 0.279083966873160
0.368180974092419 0.275848918257211
0.380159761933684 0.295991734739389
0.448954413854030 0.272983364422332
0.441612954922772 0.267656683115129
0.398962719551736 0.284810014667367
0.389090633200989 0.289937166632124
0.376599334821384 0.263131477992577
0.445580305273449 0.266203243409378
0.393978288114992 0.253594297568125
0.384180624216879 0.242126738299675
0.404702051265492 0.229485971960000
0.364004962315785 0.199222131259377
0.354831934606113 0.215975320998568
0.345772875633916 0.218434726921113
0.344317143011986 0.204285927677660
0.334155771105623 0.186739993834281
0.332888012441289 0.174930363509306
0.313395249803269 0.171860617199848
0.318671554475404 0.163031462190222
0.309160124654491 0.151853031083873
0.303742048937707 0.098637238190806
0.290789675568598 0.110358465979974
0.287932324822961 0.110441085468252
0.268607754385382 0.133094748544085
0.265735929489944 0.154311703124229
0.249767937348116 0.147320598898139
0.251079524984155 0.077179932071445
0.234393200014901 0.075141454150500
0.210904420917344 0.056298860840639
0.262385016429417 0.061919976520315
0.289032487333302 0.073824602679268
0.292612121576728 0.064144769713350
0.312959345669001 0.053787949985726
0.244635008389426 0.057976478272107
0.306594473918245 0.044709512984711
0.299849199270759 0.039287307317968
0.292012090930721 0.035579420642731
0.266343406525600 0.029787894817902
0.233969350920045 0.024438430566545
0.262150609987858 0.026155626413485
0.302627321473615 0.017874359627196
0.319199539403990 0.018752546058387
0.269853404383107 0.012350041890680
0.173374405677139 0.018334967092767
0.143196882746740 0.025783965841766
0.205519341028072 0.031584483120397
0.192119948189761 0.038363739400340
0.231192884608727 0.036916307656521
0.221787773641659 0.038037272653560
0.191576891667944 0.043439287712536
0.153868945387131 0.047634503826329
0.129302199058841 0.047929467655685
0.175356938119678 0.070306535842971
0.149788708030148 0.100929332478405
0.149684010608906 0.102449778049462
0.116465368828022 0.076250569464756
0.093236919070239 0.062714044033882
0.054563377543615 0.059290051487875
0.073601498302818 0.048776632663224
0.104321054697186 0.047144190430243
0.106570108377640 0.041992159114216
0.094817480582193 0.033681996182390
0.124446728324726 0.027085967374540
0.083220960145453 0.026906969503922
0.075441304163747 0.028989144148766
0.027690277913441 0.081157515328916
0.018832913608678 0.108203250499537
0.020924911378382 0.072390863239947
0.023274208895524 0.065288256884221
0.039162656310556 0.014535746543918
0.056752586763703 0.022548974967817
0.057167270247437 0.013025407685444
0.072886228595342 0.003241803032924
0.114838763659279 0.022185653458436
0.123919424658604 0.016272488523402
0.095638234212826 0.012011064222088
0.101913824724925 0.009994827215557
0.270006511486138 0.006849860775680
0.348590996278725 0.004288491329313
0.403995523417366 0.004402009306663
0.448194055561067 0.000802721362935
0.473583747387670 0.004099472427787
0.451486142562463 0.005254400430831
0.438126572611801 0.024553015373905
0.492740212237807 0.027463977237914
0.521940833200673 0.026411291689803
0.495126405961405 0.021645966461695
0.571369483867367 0.016155376572234
0.520698121060011 0.014972072101651
0.471108254264625 0.019957112623359
0.545685622629563 0.007469823587439
0.505930422575181 0.007804603319524
0.629889703649045 0.005438732451498
0.647522824186610 0.002740986646498
0.652913852898830 0.005056806842357
0.652855892969694 0.026489729074058
0.663410247146809 0.024841554940139
0.689962642122974 0.031368790208999
0.745536692322016 0.010478082583508
0.802831631527670 0.047269043068992
0.790314974631329 0.022631229377646
0.781959138243440 0.011299796873378
0.766930873397240 0.008502682674910
0.751993310522285 0.007530657578041
0.715327155178100 0.004366856070406
0.815859705123985 0.005865966903915
0.821819456211207 0.003615671304807
0.904168924272139 0.008322574202122
0.909233569590949 0.002010976430965
0.901731547388123 0.027061075916077
0.905003565785011 0.014302711940511
0.814631323243785 0.014422899118822
0.785355789021289 0.010230625518705
0.841392077431731 0.022124535880110
0.822328809566018 0.018870166511680
0.840690841824138 0.025381168362396
0.806469956788453 0.079045127648416
0.761071507242076 0.080593965519496
0.775134298380061 0.090990324081383
0.771240459182877 0.110089841815685
0.764562502859422 0.095627794552421
0.741561108614114 0.021773398863977
0.715851847415721 0.065956946493106
0.746593044021443 0.058277114787268
0.738593243406431 0.119855807218634
0.720859282054407 0.122159354445599
0.707919986316897 0.109333397871504
0.721504835282222 0.083668249698201
0.708805022159966 0.084401493465715
0.706470554557848 0.068944708941944
0.710919264103714 0.038023136108193
0.659709033397822 0.038545083738186
0.668929881727756 0.066295176309671
0.707746378475682 0.056227774385469
0.681278182510882 0.070105488444728
0.675878980977404 0.098258608066597
0.649889360950277 0.052138994006505
0.638673750981071 0.052760957764816
0.648999293636996 0.075013168656739
0.646861816591984 0.072988411911292
0.630854833233568 0.083339244631743
0.621952350075334 0.083780638912591
0.607540039628530 0.096205438066370
0.621006996194370 0.120326768197271
0.629293941254399 0.122181646117094
0.648770376876355 0.125940802565748
0.657795909167172 0.174745907622737
0.627550906793937 0.150617350894314
0.612955500657184 0.189690702217487
0.604742607383403 0.207267363186584
0.607060695349733 0.200438652280922
0.587378768989527 0.191739727366594
0.562975400389626 0.207922473646664
0.585746762149849 0.219902694793373
0.588059813523693 0.220581703456390
0.620738723604353 0.197370753249792
0.642913237979130 0.188020606612796
0.668173867123282 0.181536340239242
0.664810806356748 0.186540471476754
0.600787105784187 0.219667714191446
0.600840542279575 0.248839220613632
0.603576938437101 0.234603443292251
0.627114249685367 0.217379056484149
0.662619962665541 0.204984798191574
0.675206843146685 0.218193129737951
0.687108668818655 0.226050648477883
0.692053533947120 0.235379098092848
0.656169751033266 0.304509682256966
0.678628330900626 0.335961795102787
0.693653427853088 0.328233385145773
0.700926828058868 0.331721883421634
0.703913241021295 0.312596499599794
0.705836144138983 0.293610644197841
0.704217398401451 0.293011629624763
0.693907518728593 0.288819368597502
0.700142855150692 0.257920833890289
0.709316118950637 0.250310055096778
0.692888637861651 0.238327006920393
0.699385971622256 0.226027753775021
0.706109059372036 0.205108836854393
0.703252912360827 0.217767606125105
0.715399936640356 0.223016815829564
0.716106148770128 0.203335963284288
0.715801727360022 0.209990630489770
0.706921926097442 0.199935007933497
0.684318318816050 0.214240263315961
0.688643780391963 0.193986179863096
0.690403187037633 0.180817019278564
0.666901745212684 0.171245126133433
0.659324868889211 0.131612641798152
0.675827330758715 0.119892284329930
0.686291241872260 0.139967856993884
0.698522473545057 0.146619565387545
0.721440061797127 0.127480975411591
0.736064006451547 0.139661487256950
0.777087328386068 0.134965537178780
0.773772561351663 0.121590330787744
0.779667354086259 0.102316472261360
0.860504509816181 0.088353334035889
0.849248647153959 0.057470548459082
0.863709944702550 0.071338233571191
0.840827540886042 0.044066397028075
0.848645362001213 0.028458350351294
0.895797424901183 0.028172382166689
0.893368546335664 0.042839838677477
0.898879270022213 0.042396666501833
0.906041880094466 0.057500981286867
0.914303071756988 0.051925673639367
0.904488131825108 0.042673009001963
0.915475768463442 0.035165275929107
0.957168119939588 0.020501307687024
0.966262200831558 0.016115963000858
0.968234276384224 0.000059562269626
0.984111530698888 0.004007605372000
0.959748536329599 0.074696425848965
0.984489408314456 0.076580988744544
0.985604150214048 0.101379116578670
0.992944585621797 0.117282392511741
0.994800828860514 0.094562077473179
0.998667573555683 0.137910978932824
0.997600516768918 0.231106768004180
0.992952808268812 0.146966648356508
0.983250155105838 0.136193362128080
0.994395614133401 0.181406656364634
0.987292994273497 0.178705524270751
0.980164213562461 0.166775831099030
0.974686886637791 0.181133816568709
0.963176595961292 0.157859135026978
0.968434789668971 0.144415154654726
0.958763852696290 0.117102072628728
0.979517107354252 0.088770489715399
0.980114085590520 0.079765487499426
0.958065561930679 0.094886667604971
0.953877503496538 0.114483471081817
0.946906784524632 0.132291160119833
0.939661879064358 0.071853969279609
0.926022367051813 0.122905457449567
0.924870397860590 0.102973060730367
0.876257290540383 0.106967544698607
0.866529159651384 0.089572895359980
0.859679706329331 0.096578332174839
0.857223724879894 0.128721315473654
0.861660116287721 0.129699307554261
0.824120415758398 0.131947272984286
0.831815798222933 0.138061779615498
0.837062776478502 0.141707176408594
0.867721178507302 0.131056194254689
0.833224485084985 0.155763889735455
0.801307514217360 0.169491459228793
0.805599578100070 0.142044348242713
0.807851666029474 0.121480713189338
0.806596119332405 0.109764603949042
0.801173905283759 0.105818549220366
0.798933893348525 0.128121726274547
0.789297267230832 0.175153446930998
0.816256410356730 0.177556297358850
0.811264001676470 0.184481523085610
0.792667177409244 0.188955030492020
0.807064461897623 0.191661003600648
0.858714414229018 0.154226894096577
0.873244111367149 0.147747637772815
0.909179535186467 0.188800457021594
0.898312332061265 0.159234649110229
0.895346296436780 0.155069563610046
0.885378220996530 0.144906454787080
0.916809163483236 0.145743317969955
0.914347376634529 0.143044003352078
0.929595892284809 0.139776044590294
0.952221926279469 0.156139870246937
0.949948267056583 0.160547253284858
0.904856231019300 0.194121396725123
0.893797221078443 0.183798194948490
0.882832076811619 0.173562137025205
0.863614533964365 0.161697724909381
0.838112552574888 0.183756217911726
0.804897524791256 0.196677093020024
0.811509212856884 0.224404349561969
0.809926803600940 0.239285488258715
0.828631502030711 0.231931163571743
0.863988459046925 0.190533872782501
0.868236795472091 0.217649953075522
0.843704841958221 0.225468966749249
0.862721659644843 0.240855667852264
0.933465617212218 0.258907871907068
0.893703379153136 0.221401871285123
0.935770835697544 0.214057289163609
0.946708925974885 0.258722458620892
0.953752295558225 0.256329450410013
0.966359398777764 0.225089201808483
0.959019502140125 0.276802197227628
0.952064727876366 0.291114166048874
0.968275133971253 0.305207242400016
0.973295522841297 0.307962279444543
0.969157116938921 0.288247983571257
0.961486701369978 0.276489146648203
0.971364744925576 0.286705600696944
0.980220494782655 0.310348400059318
0.980938658575033 0.309415361522425
0.975156347721422 0.235175823436666
0.988318935496881 0.306821585310074
0.995713126378000 0.335307196870124
0.946685248029737 0.298303360724032
0.967613724510937 0.331096368996006
0.954727191922593 0.354620753952591
0.933006243283398 0.412376204697590
0.944360590048302 0.382257815628433
0.945108348478148 0.424859493703050
0.971248976407223 0.355056471822344
0.965703825450364 0.389962068009173
0.979232478411511 0.379853728869862
0.956300343366480 0.452104214323733
0.995332443153175 0.430765518187902
0.982473063740168 0.484247405773144
0.989977878513736 0.535653060085910
0.986552249633964 0.541591504840921
0.986763855901903 0.560588853694773
0.999911635182757 0.666117838428411
0.980101072685840 0.587030714651118
0.975175178598228 0.583387497618509
0.955466125139718 0.544010103002195
0.942183026085693 0.512188606202690
0.947622113836753 0.508325208680856
0.967803652848957 0.515789420584119
0.977017980523881 0.492497081166365
0.978986942665180 0.444286075627565
0.965220322816270 0.502536532703106
0.936440346732941 0.491480249674749
0.941287218100059 0.498632907168303
0.938011428778065 0.508802689848841
0.917975565380405 0.535057099319555
0.909046958158280 0.586117294424268
0.894927742376424 0.511770283575994
0.889249307517544 0.503896773096126
0.893794228739009 0.482926397343598
0.894523339296935 0.488557110768071
0.902859782754844 0.511641338705849
0.908648625439335 0.524428019078648
0.914481143892967 0.530087914564688
0.910414806525416 0.502193518216812
0.923540587035725 0.476751389669604
0.954274149590300 0.475790944171972
0.947689184894641 0.463830375794242
0.915502412205330 0.416349977448746
0.922965939586501 0.349896261631463
0.913091094192626 0.362858873960962
0.908749524927116 0.362129426264264
0.911164723760991 0.355895867271300
0.930365112112074 0.324958908522948
0.933216842325971 0.298382754110909
0.896459361955737 0.279300412293198
0.905612969727075 0.307929062893581
0.894190203814856 0.308407486560013
0.866637461290992 0.255499509282177
0.871637098897080 0.284890770113510
0.864492778603217 0.270622153426810
0.862807474966537 0.302138860943792
0.820641906382815 0.271099771499215
0.820454311939168 0.274174708069383
0.853293575278154 0.306840802685749
0.874993529578202 0.321364581734577
0.907182026145599 0.316528629193329
0.902184056538243 0.340856739478585
0.867238513597864 0.335499189484631
0.872155012037677 0.330146385044859
0.853389344109869 0.322397251297905
0.800078414753116 0.373395404020974
0.785262122650287 0.388260808954137
0.791010450008796 0.355531192084556
0.802958527488149 0.333034037301798
0.825986561284394 0.328469025589744
0.812476751307248 0.321817870867354
0.799426528066130 0.316713215465058
0.809512781821896 0.300828183209909
0.800018943753102 0.305487537898816
0.788542733894914 0.314422688127692
0.808390880380008 0.280696881134388
0.791480972800162 0.267656375313018
0.753915689305363 0.269176167095628
0.794972312075539 0.260922023682353
0.799747289996476 0.230858051325594
0.797957553434166 0.228867281334879
0.790535805183712 0.241416934990053
0.800895728543818 0.217536017399997
0.779955331599319 0.201166146528519
0.745310881522163 0.183410903989994
0.743277903526685 0.181530416096342
0.773557884978856 0.173301731316979
0.766328729580310 0.144968552582417
0.740637807986065 0.152497340064727
0.700483914325239 0.164252460545046
0.731900459030597 0.191369981594090
0.785892258298533 0.211242507310231
0.768813635580621 0.227078794607464
0.773208548209261 0.248623396851413
0.724950668739598 0.225616160885252
0.711602766398155 0.226294383512016
0.740702410107806 0.244309119528303
0.749376763938636 0.255138964045392
0.744550316475588 0.257901741311840
0.745526870594140 0.279657327234585
0.748959513264224 0.319705943260205
0.749962398665940 0.293165853849224
0.764487061539892 0.279969489797936
0.763431704958636 0.327145633440067
0.766069570913012 0.329783339206960
0.775450785074127 0.360583874099228
0.761255365219552 0.330909831603481
0.759377688523092 0.343532634127667
0.741316932133081 0.354019982905136
0.752594472259560 0.330681924862173
0.724589777050815 0.328108526919088
0.740158619238138 0.329846221641566
0.698770992317596 0.332697709711593
0.706127261140443 0.359216232485704
0.673052890073998 0.379888328900509
0.658795354263296 0.412503681337695
0.673854673595100 0.424570211407063
0.670580074969018 0.462475387129223
0.702340105409892 0.459568786648833
0.706980382421511 0.426296721876737
0.716426332349156 0.445426111782634
0.689403038327304 0.513248464331612
0.701123284968139 0.545488028109767
0.707483353888375 0.522992144582324
0.753855350778371 0.478434836249070
0.749653431470344 0.500397087307832
0.734834900002384 0.558049008975760
0.735003287314904 0.575634908664802
0.693206241211484 0.588093734620183
0.702845655708968 0.590032606194742
0.729126579933393 0.593307548944516
0.737599856097996 0.577467242990372
0.747384097309496 0.580354267070235
0.748970247688224 0.505644144260159
0.756817084623881 0.541911334051709
0.772571317279977 0.531760889818781
0.771516757910846 0.523983898816623
0.799779801536249 0.547911095222417
0.781659694286836 0.528655740212954
0.777246045776292 0.522750994899660
0.801493085828374 0.526375888626266
0.812243232881764 0.502996738768647
0.792532936573277 0.507507317004496
0.767463526114572 0.463132393296404
0.775217792845898 0.460669403644590
0.778000770964660 0.440637184046506
0.778211587936716 0.423697788465627
0.758197185936476 0.438675850834081
0.752401429578849 0.448560083493851
0.738554135774520 0.462512351787888
0.718926614485181 0.456154835622830
0.741578718527024 0.457288786981855
0.736264068510506 0.380088896201965
0.723279210609980 0.388466978626543
0.715657723469500 0.398348349797702
0.678030285368688 0.387109507521200
0.709203716697732 0.372950176416407
0.707612905980839 0.338950548478845
0.714926577971748 0.356916345822120
0.737588582903887 0.356255199926093
0.765697196948201 0.398903103265401
0.785057071961955 0.382831480532340
0.777380613040822 0.394738916025841
0.785051459812117 0.408563358433807
0.825535994873166 0.415035072907356
0.806411112102871 0.432791251890730
0.802127243393160 0.443064810914483
0.801823146083310 0.450912523759023
0.806971897281228 0.461522594774851
0.812218277627704 0.477922834212856
0.822919499977920 0.477108235693121
0.843856721112438 0.463843719318436
0.843975517360482 0.415603106569314
0.840222002398326 0.412003888009118
0.808037610169518 0.400558694452308
0.835657112689529 0.388620501565105
0.863061473175446 0.369061526082950
0.875287175586115 0.345083849665282
0.880916353259662 0.340986892739770
0.910666792611902 0.381880911244955
0.909186034421057 0.393484675974345
0.899670192925106 0.386350239341310
0.906288276382856 0.411788629559702
0.910612456458906 0.420135562038112
0.929910743576433 0.454646665348973
0.920172531120559 0.456900829662057
0.906666283452262 0.430096956635870
0.887389809772088 0.398176352213219
0.892380369777037 0.399939506500931
0.870414634174860 0.376442010689733
0.880244378876055 0.434389638916771
0.873619309567669 0.406812292713119
0.861465696646583 0.393951882326022
0.876371231338182 0.437142516689907
0.884676890859696 0.449800583277736
0.841828119401740 0.482888324411068
0.881954437066780 0.500043120933717
0.819937231866614 0.495892241828093
0.811675680247916 0.522842352056337
0.812353229994119 0.551667652815426
0.813096051948655 0.552725150507281
0.834453932398210 0.576677093550878
0.800351171661332 0.555998600346967
0.792007490430031 0.552170546982517
0.806368099435404 0.588212506653840
0.838578696287507 0.578230613180544
0.837696018553197 0.575034409097878
0.858019912083642 0.543592135675062
0.857824022349820 0.556148292290116
0.868046148618705 0.562334486545219
0.872916539606134 0.541863149749983
0.880298302453150 0.527595660894921
0.857271452833559 0.527694439295537
0.876895374561146 0.519532851651093
0.904174433976493 0.581506330325038
0.902302316344484 0.598447363636665
0.891184101761870 0.589583504288263
0.878141825961946 0.585161519975011
0.860803737240286 0.570770437629321
0.887572791375021 0.593953467250780
0.896728393107992 0.613455350330777
0.906325432893972 0.601473506354482
0.899770518718180 0.625942721323083
0.898219476872226 0.687042901146711
0.900700933253719 0.692644102821427
0.896230830762643 0.694034009098091
0.904418262608544 0.751304038218830
0.910767362877153 0.875806929020121
0.942391757826503 0.868635926800145
0.935001509233844 0.900954126334262
0.922661999670166 0.904688195281051
0.925870633183918 0.908200400373060
0.905826459594921 0.953934851546742
0.941603832385318 0.924964307306783
0.952434393089467 0.956711951157410
0.964994736465157 0.856739679284738
0.968267485484605 0.852060650406434
0.962398611457273 0.858174596381455
0.957369410413024 0.894728878929619
0.946420945202196 0.920381099879919
0.964794986399261 0.825279082090258
0.972431648509778 0.749542842502493
0.978048170906514 0.734101670204709
0.972451779978560 0.707015553818557
0.954103772972759 0.713696667325542
0.953502571654274 0.749937532818847
0.967044190488311 0.777630165581419
0.956759664209913 0.774793898116236
0.957018455004794 0.788514186529682
0.941862614798296 0.835591256541941
0.916206759361647 0.854361568975431
0.943094747114505 0.784860260684444
0.939814590820956 0.766024668592040
0.917971208187738 0.843361770661251
0.913281334058047 0.754081819091962
0.916650325021078 0.720594979226866
0.923147611749893 0.765666871222512
0.928822068464394 0.730201850519610
0.906209327702508 0.700324258161860
0.911972817923861 0.685016892238062
0.905819573861463 0.685556027891839
0.910586904692737 0.655047092891786
0.935561521880124 0.711131004947764
0.935720434848089 0.689519564942233
0.931500169416657 0.642757703383806
0.940712561803270 0.649834794294944
0.930575854578324 0.590609201505133
0.932112883744814 0.589943468379762
0.933914818304551 0.583895855855148
0.933269839237104 0.561965659522435
0.946545314950191 0.591473743129277
0.950943850889310 0.612489838903998
0.959502694178141 0.670278104799929
0.979451104523358 0.675415653584253
0.990013520228683 0.664525679622090
0.987333992024574 0.651997837541624
0.980791656291481 0.624587313562905
0.981220034873681 0.615701529018442
0.987529637751882 0.620477939779161
0.991334762420195 0.651446612389501
0.998044362290783 0.709324727165198
0.979687761971582 0.884274824934208
0.988607270637810 0.709884210354595
0.971428456237273 0.889116547018809
0.969566057421996 0.863214114617190
0.968339721657494 0.911625931463961
0.973245403716921 0.955106526592330
0.969434630111528 0.991507316935578
0.968649417147343 0.994381774679935
0.961563991830481 0.984124076079635
0.947487398026272 0.989287779661495
0.909934527664415 0.982235910828335
0.896176348392002 0.956393416019340
0.916920677720066 0.924987643922208
0.914986523760011 0.920364895332775
0.874340201669531 0.909785110461426
0.888581287529590 0.916367343122311
0.882341805325049 0.939802592592222
0.882410892696311 0.930621757605403
0.875400483550225 0.955905538963110
0.853473728920088 0.965442665836514
0.855551678154409 0.959062552526157
0.830630256249863 0.971472891499974
0.795988092569629 0.991687268946174
0.727401155385841 0.988288150629163
0.689502780181124 0.988716140849849
0.764818767907479 0.992038817606884
0.822581380057419 0.994069078468750
0.830369538082913 0.972660020446712
0.866409425095846 0.984518116798493
0.886446915048383 0.994824467224453
0.884579676149683 0.997603945898639
0.876580743061649 0.997083046006543
0.719622313380066 0.999177065677558
0.466184710835193 0.998502800240415
0.510130022889995 0.995316797865237
0.647498512942110 0.993488459379174
0.601749619749258 0.992719682395793
0.506335107845410 0.983283332541251
0.484477366080730 0.990913379001856
0.417072334521018 0.984164102926927
0.400113208871388 0.977693558660193
0.446481449737438 0.968328191884015
0.418943720599145 0.970996631761546
0.402680397221204 0.951782726194608
0.459758061664066 0.967996578183024
0.516226401792945 0.962339872011142
0.514875379165111 0.933861905678111
0.510978331095995 0.939460448892536
0.506462555614515 0.945342246417581
0.479001139048022 0.945139009014302
0.485023274777934 0.950010108272550
0.469939303337568 0.963876171952056
0.410923870471736 0.945227186635708
0.462189227557829 0.945361738999077
0.453841733491906 0.945228259984976
0.409177790586454 0.928670673132255
0.394892453399902 0.910811323165340
0.391350916769053 0.902539057611739
0.383425438489497 0.916747265456592
0.396473093142953 0.924521980772038
0.383653835572141 0.937520696286820
0.378723618750797 0.938514446345397
0.394397023783250 0.941410260713385
0.390827591712972 0.952306924365604
0.380590830175481 0.963222531584661
0.376979358669826 0.977162051935290
0.329230050709671 0.973084851155563
0.337038392358012 0.955614743733599
0.314457641129595 0.940914540058428
0.317765324524495 0.929086913787335
0.321087877881288 0.918300844690903
0.340335658444248 0.895747533019514
0.343024077519320 0.914145679173128
0.351247884962358 0.916227553466441
0.371097483845007 0.955086074748582
0.357743821739100 0.912174913525663
0.368689614519798 0.926389839931573
0.377763956029790 0.891921575130858
0.373280206869021 0.884450977614359
0.385293313481516 0.870856237537626
0.379135139928728 0.856470232762615
0.345360339780040 0.872561918977910
0.395259116494683 0.843778873721035
0.390373655311006 0.824733410880311
0.390699019371857 0.787495961779494
0.390287708207168 0.805502520783573
0.329024402577907 0.801039989945032
0.350445934268854 0.834810085052070
0.340699496837659 0.852613850428077
0.314328028501164 0.811649015085608
0.315427525581525 0.806938879101974
0.317738770655235 0.801108176727364
0.322217833866467 0.765404061770720
0.286175655800000 0.743653019770818
0.297527332463082 0.764811868204182
0.304986100785893 0.760588768292493
0.297603879728170 0.780111711369879
0.278741988948892 0.782064727871709
0.278382400180391 0.773857666074232
0.285380617382648 0.712225421197817
0.327781629435616 0.714113868174196
0.330837398455868 0.775413869309897
0.370624539614946 0.787127345701273
0.341828995077791 0.772939779224312
0.330868316037053 0.760085160732309
0.371156496634314 0.737690362491501
0.367209066807855 0.697137051586591
0.366343032273624 0.670885096150863
0.376211836177954 0.700021869828935
0.373646983119495 0.737562763382477
0.376375491440471 0.762513142434188
0.358484925403486 0.762824549229268
0.368300350554427 0.776621821232430
0.399111255723569 0.766070967431213
0.410854574949879 0.753414521810326
0.399044403526487 0.741866226187845
0.396041813956593 0.724960539361909
0.389358803345523 0.731887993743591
0.375050788919931 0.695854412250153
0.389995963494291 0.687511089578043
0.399972631782281 0.692514601486043
0.403901392782061 0.683074255791993
0.410951989428584 0.679143694080014
0.414176467998967 0.688459756173408
0.415865498322931 0.671045416347238
0.397015545236420 0.662946030340598
0.397953392191768 0.642843081449551
0.377610868018871 0.628448779521719
0.378414679494880 0.633738421664451
0.368103710640270 0.628215277860041
0.368201648987924 0.623267726797269
0.388864453597397 0.592763970416395
0.390976127884805 0.560952533297684
0.426944721223295 0.564491675498193
0.418611392108077 0.583695446878530
0.422072019624557 0.593157837909254
0.393249418769614 0.612358936859462
0.387840324262083 0.616503656197574
0.393129937068154 0.619478747537117
0.399362782202364 0.637962717394327
0.421141632563035 0.631140990476655
0.413942509523566 0.627463053272787
0.397951165399491 0.619996433435006
0.443360454143658 0.587395786581280
0.446028907991028 0.591648068088874
0.437499454448698 0.604247513042878
0.451580137690334 0.626870936074700
0.466011413590057 0.619197579854726
0.454366737256929 0.599408113676779
0.453100590711972 0.584752368081711
0.430430088392659 0.584332039386189
0.441781574600274 0.583215473491333
0.444445003031029 0.566241916998402
0.443654020523491 0.549645899585283
0.449984053825021 0.562147275340812
0.478069079331155 0.563472213485964
0.465810522188344 0.570053460341903
0.465050605342281 0.583241628288870
0.467891190884584 0.595611338315351
0.471833699602556 0.608944954634153
0.471074722926633 0.657239388980549
0.426516048808822 0.648125193383603
0.418755879820676 0.689924904932233
0.438304855226681 0.683256434594866
0.452582251025635 0.674943977815539
0.428810621811454 0.719023332800261
0.428186242202384 0.733979670207007
0.426090576418718 0.743400390606094
0.435804811974897 0.756496659832307
0.440990181845143 0.760952718910273
0.490279129468966 0.747785854501550
0.518691158163683 0.741215104582354
0.434458497182680 0.772076235512307
0.401274083369073 0.792684628997317
0.402840984707159 0.769514118213912
0.398941801581039 0.793866978396600
0.401524895523454 0.801947577764256
0.437224080989707 0.800953013264087
0.421895852508906 0.803321771697757
0.433589117337758 0.809926779386553
0.434387944841007 0.807701905168454
0.418744422690358 0.871800845894870
0.402643012070396 0.913581018761537
0.408427787669202 0.922833426353910
0.431192777786028 0.869961382294987
0.447852021291783 0.864909598540938
0.456740313887941 0.877212523425563
0.442870365661974 0.836041523067300
0.442234545686391 0.825997379527426
0.533563143822161 0.824890275869933
0.512913287390449 0.767480525545534
0.524170545173888 0.803015644104693
0.493154492458866 0.803914681917017
0.462840988050607 0.806550237260084
0.481422531177021 0.802302820981621
0.462626755918668 0.799839844833985
0.461755865934191 0.796881658396163
0.462450713600242 0.781038935194276
0.483595522345787 0.768285469975455
0.534348067610687 0.735490137587995
0.549734683963347 0.727047013457421
0.548857016278830 0.726566815155822
0.529286558986309 0.736305307474129
0.492695245655577 0.743547478105662
0.442773681805829 0.734950520906109
0.453623390502121 0.724013408983132
0.490177772701801 0.712140892963922
0.519959445819240 0.680990581252142
0.509044434646631 0.677315606585385
0.520872621573914 0.652936934797530
0.520780110974228 0.683694510107718
0.538321432442554 0.644585214855422
0.577577213094373 0.617717856363262
0.560851510875324 0.606786363109381
0.576878468309007 0.600544212665662
0.591112049106095 0.600308170821661
0.620664707208362 0.607893068626473
0.611237511789071 0.620193408625290
0.584597786229382 0.650466218893633
0.584132341008695 0.654848364486754
0.575676534592955 0.659225227152568
0.543845907572585 0.684331993425420
0.524782283941648 0.700605244702010
0.582009078740147 0.663788284018537
0.655319776225518 0.635432329790402
0.613408949046121 0.632387474473746
0.655586675580399 0.618587049012346
0.654086801993701 0.627982981329776
0.671703012507271 0.657439507850185
0.660899036406027 0.669719784832429
0.721240723841470 0.691164227524383
0.714648818929982 0.698166424268003
0.618242145338209 0.674814282765060
0.603316061945314 0.703236452631297
0.633991462939415 0.701895050100002
0.638461858331441 0.728531793564806
0.656929179866300 0.691117356853149
0.668090773126153 0.700286185694992
0.663627139136022 0.704202617380862
0.636766527610257 0.746594687340127
0.615870020173430 0.739491673996435
0.617136519223981 0.726119127928335
0.602984413319726 0.712598902970831
0.601863634121541 0.725802358577867
0.571629533810369 0.779089862843552
0.572193857083187 0.787386986328003
0.587399403372500 0.790178279294715
0.611887298343651 0.770088972416748
0.628332134628823 0.768987377066625
0.631211790550133 0.778851677094983
0.584480907108859 0.817967016165129
0.569075117152685 0.831009689174131
0.558658450170727 0.836409994790521
0.565491126182252 0.808972375378465
0.567575024705182 0.789883143170682
0.574891127913674 0.722495989279121
0.581741192183337 0.685311958047241
0.592792456314337 0.702440490341950
0.598225770796754 0.709240093691852
0.595739614495886 0.669803821328005
0.584206351816750 0.672042510785182
0.572219426078824 0.708303534755625
0.552493477031818 0.766552271212708
0.562929520179950 0.762593228725061
0.560118999127354 0.786278928530532
0.555459256542595 0.827620842879461
0.547160649461281 0.743441195107736
0.524384539818570 0.751900948002888
0.541568106292546 0.785815472614866
0.542490005280119 0.839517738129719
0.486496867372886 0.834419417117918
0.491571221263880 0.842363081333397
0.501426161966019 0.870754165514724
0.488726011239330 0.858328302324902
0.467214010407782 0.870638122256211
0.451756063127777 0.903205112043398
0.424608779337541 0.921109610200445
0.458549951882358 0.916300289759552
0.440542914644137 0.930147151895867
0.480170089043756 0.918876481204702
0.481120313276127 0.923326045239030
0.497498008188558 0.900975460606150
0.474283066799065 0.903756394471860
0.489000990283210 0.895478263914342
0.513525613357092 0.898975250729814
0.519782705474544 0.895505419883647
0.526361350215208 0.872811838925263
0.528009030748163 0.868123592281772
0.543946317184691 0.853302324122424
0.539563686838170 0.859448071503755
0.534688524219528 0.870057430523474
0.542784574694366 0.874300422554044
0.551201533782855 0.818393723488969
0.553093617108228 0.834847837609634
0.560510062407940 0.853366648710038
0.569965862934462 0.875225087104004
0.532248712858301 0.896899698254140
0.546534115237433 0.918138075581816
0.568631703298833 0.912447620608121
0.574122377938648 0.918795588854139
0.597173342759336 0.945538888194384
0.596273863500112 0.931876951331215
0.607309636942721 0.934960871438943
0.648853912786047 0.899439691519104
0.637387087399786 0.898855809075225
0.548311802813928 0.894714489530173
0.544585182585095 0.894120228893180
0.604571079185498 0.890872137104567
0.647795210428441 0.897537479129405
0.617592423044887 0.863668471045638
0.598698915261169 0.856772745427104
0.578867043638074 0.859259835844515
0.599399963207264 0.844320721851811
0.638645968231673 0.799402512982209
0.647739149466036 0.847558552328292
0.651208111853901 0.836432299500533
0.655600833546184 0.847327099576279
0.638000893238001 0.850318702799416
0.626576158509858 0.857540128686251
0.657026402958215 0.869499414167134
0.682399015260115 0.922600659505744
0.671527738529969 0.901638144581410
0.653473360302613 0.916731448339639
0.694542354296214 0.927996311303226
0.706074082621408 0.938566427183601
0.709244328415601 0.912878021557293
0.698568993107681 0.916566218210648
0.685275971277280 0.901946519921509
0.682342741024840 0.897994782262479
0.692789975410695 0.901317567518594
0.757268166987816 0.904956103258280
0.781388822375512 0.912325222004356
0.825000411283691 0.883924930302391
0.765684931429888 0.890439811577294
0.678198659642692 0.892113172398933
0.677600996418670 0.877999652120285
0.705437250298186 0.890328028653901
0.668799446275830 0.841741366238213
0.692444184651805 0.856421606082666
0.714662195981789 0.865940353305051
0.746106112257627 0.852194394847469
0.783676763430087 0.869724831017537
0.835306319797089 0.856133194573286
0.851041785371975 0.851427008794354
0.852952375008237 0.858932073628033
0.859046524790603 0.880240448229127
0.837282077333556 0.890890278337007
0.821099612312903 0.912670232780590
0.826873501682129 0.916844089011123
0.843159565629046 0.922674150170141
0.848676282376366 0.916676669342758
0.849229029309577 0.917342832739159
0.838536912034516 0.934014337572276
0.835207914856825 0.932730361787942
0.818802254655772 0.917084454054518
0.808023393530410 0.904506761070577
0.774708584311748 0.915994792671872
0.753354429152494 0.919094497300263
0.730004070666621 0.944348070278926
0.633245418143107 0.942229359849463
0.628340516066337 0.935720977809150
0.632865121417150 0.952290403168784
0.661511289729509 0.961321922466774
0.618189593599266 0.951170080784322
0.588393775554557 0.949610686371853
0.591681600358189 0.959719170331824
0.565737042839516 0.938856192836005
0.558315174448451 0.942207948743463
0.543129153336924 0.920971209612196
0.516453320866662 0.921261643954209
0.524477412237077 0.927628187894648
0.532141536256364 0.934513526006841
0.552024502564233 0.933741798127881
0.537513143167604 0.962710616161446
0.514162466169411 0.969853273113190
0.512401181046106 0.975452994450672
0.534506384997864 0.978264705267858
0.551637063525448 0.976038683194685
0.565539099539416 0.980546683063985
0.574074398993549 0.978675743555034
0.576413918554976 0.965632840975017
0.595697187164657 0.979495197059352
0.623972444154309 0.983192421488088
0.619702494991805 0.989360040514432
0.646707822869861 0.977815194976430
0.648726958617907 0.982018071218402
0.651209328161184 0.969031006549034
0.632009143769745 0.973308405360816
0.626815128432035 0.969068245016536
0.655273687399586 0.963052120973846
0.674218115245094 0.959183262642093
0.726903829596426 0.945436364014371
0.714883805119844 0.953313524347410
0.677948873805790 0.971867431407733
0.771680744258538 0.941338004051399
0.795574257520760 0.948033176338316
0.765769937897925 0.946394010422003
0.767379035599241 0.970206116312279
0.816255509767800 0.972353961305858
0.802573371120996 0.961902236082546
0.800126324780344 0.933728196627334
0.830818895637439 0.946879070693105
0.837223204708296 0.951802140079347
0.864004781406375 0.914391032845895
0.877776965442010 0.879695732090480
0.884934006205264 0.879054392165995
0.900295516895268 0.855261369075282
0.899450340261427 0.847441459003576
0.893769366617207 0.822570527821114
0.884852855878348 0.841910566129680
0.888504025474425 0.849113709223044
0.864506487205860 0.848942825966022
0.893641056909059 0.808844826095200
0.896964705966862 0.798402974753828
0.884865920937092 0.770059459270006
0.882378690355634 0.727226973384259
0.880988105610473 0.701114836941061
0.881366722696166 0.692655413734100
0.866921374046673 0.669696681978971
0.866917758186775 0.665311982233688
0.861036613053194 0.672735599182889
0.846837478152866 0.673704116918940
0.846728205609474 0.690277403076308
0.865710971814446 0.694147960140439
0.832512482922763 0.691225400982064
0.833695840944394 0.662314108881314
0.825338561006514 0.655871808368653
0.815412165976787 0.655770619239551
0.812191589647993 0.632739926051693
0.831180895600086 0.637967908586360
0.853617568432175 0.631340729832342
0.879780875462937 0.643458936197431
0.885597371908649 0.632669086397006
0.883489362841234 0.630550692617218
0.873476514533850 0.623220671258504
0.839428935125204 0.600990908034607
0.812791804695871 0.593667276480080
0.812889256893140 0.602456462850075
0.818689057984710 0.614823763545055
0.793553317800888 0.603219040950397
0.784698273886320 0.598151995613310
0.794797876288555 0.607430959868911
0.810824416955386 0.617274327956733
0.817625142548990 0.621371485582260
0.728178515903735 0.613958142983708
0.755296007150456 0.613006467750765
0.776718017075545 0.604635911343915
0.771137832091720 0.593719568380024
0.735237120527419 0.601151974220365
0.718124458435049 0.605727616513952
0.704668123603178 0.603968520464361
0.698581519396315 0.606887169464904
0.715252952051932 0.609158348575774
0.720941686407170 0.626448818774172
0.738860549749276 0.632299477063259
0.766348893179721 0.662466066266627
0.779228606624170 0.677852486575885
0.773504703665853 0.674772486870537
0.734756257261502 0.637053702788918
0.718956409822664 0.650106164929506
0.780905113919128 0.680204603672123
0.773531261260403 0.704227559596406
0.802626659536095 0.683939014414297
0.789628550777970 0.658956660264617
0.808880503666066 0.687714354920999
0.798574841953150 0.691235307925956
0.833419123586928 0.736763326328603
0.826004466426561 0.712972548656619
0.822365924633279 0.711312607261963
0.866116951623055 0.717489912043088
0.866047325481683 0.791799741700198
0.866767400813646 0.817490354561010
0.861125907796028 0.776290323481099
0.833742032215810 0.801115971897317
0.819504230199151 0.819035551426483
0.827815547039646 0.821666790555076
0.848219072841210 0.843816862368871
0.829435693951992 0.834982755517113
0.820729216942903 0.826718405739739
0.806717443189918 0.836568721028310
0.813053341029702 0.831340421378305
0.773618413029992 0.777048961621266
0.756964781208413 0.774069909366812
0.776196891337725 0.816950906448509
0.784226802077250 0.830079767773896
0.750857204082821 0.841335584801312
0.704653192639655 0.775953336048850
0.683117478938362 0.775916298281362
0.666826681078797 0.793634807594882
0.653250114365132 0.815217182419830
0.638805399946312 0.792969247695510
0.642321988773682 0.745634140793995
0.652489407757525 0.727518570482507
0.678361547495407 0.760439808368888
0.670987941171503 0.744547359060751
0.668855460206445 0.723790814505793
0.716132944783258 0.715160289181005
0.704460013520187 0.763075921574177
0.708492045620685 0.778818665900649
0.718540584071791 0.789633335913361
0.755338710618829 0.778761885025893
0.756790234128381 0.766374181381601
0.778115357169004 0.741786161783052
0.782444336815944 0.747693902229748
0.827274894261395 0.781432226664122
0.829724468677176 0.770285310116729
0.828612743797066 0.751353748026934
0.813194981689190 0.734976819592983
0.734048882375494 0.701986559062259
0.698648154595237 0.662619564525140
0.680788820926467 0.614528594359070
0.648116954438443 0.576161613024846
0.665278347053229 0.580966538554508
0.676986892557231 0.571306828209808
0.676195313071923 0.526846061240344
0.671443944178263 0.533126113718900
0.663280180032961 0.507377141857230
0.641559140589814 0.516322305666433
0.649001123220195 0.533207908521037
0.627905108327002 0.531509268345083
0.646146125461043 0.536119967017379
0.649754012306106 0.536397335834986
0.626346865960558 0.570529275839463
0.618915929281579 0.579294044328525
0.618520335582327 0.585454310563139
0.597994783706029 0.573253917774769
0.597416815626163 0.558067845906163
0.581325257933384 0.573410379967378
0.561186169069813 0.544335761360980
0.597257089147930 0.538831353904135
0.612022266076888 0.567542156468864
0.608137190159474 0.558952030520398
0.626590581902578 0.531171957278239
0.629720484199804 0.509016644446653
0.613072235888369 0.498377301496629
0.585694539167776 0.512617673963596
0.599989221710707 0.519337347950478
0.567356412097512 0.520813727062574
0.567021705939910 0.523448433970776
0.559294288307100 0.533026646139578
0.536694778845038 0.565046166332926
0.561629753821357 0.563918283006138
0.562119474430624 0.557064701596771
0.584912015863188 0.580929191122264
0.567006831787064 0.591963658384962
0.545169040814587 0.583885401759243
0.523418420238150 0.576440402575042
0.516427696922993 0.578059035156881
0.533200972030499 0.581777832276084
0.539899723855732 0.583875021703483
0.535660566545865 0.604664348347422
0.537148317106603 0.629307349039850
0.508460645800671 0.626643337601164
0.521615934335448 0.640137533489679
0.530244351145925 0.638057519047548
0.485307981020449 0.661171292728359
0.497944430214327 0.626422282600041
0.491742125475659 0.615561435285751
0.511456505167976 0.579518571765869
0.500248813303303 0.573860438342141
0.517467798906131 0.556116080636213
0.493272045856934 0.560343818068664
0.488714714296495 0.560031443163767
0.461208989127171 0.537485401396400
0.484480835722983 0.490210775514231
0.482068255768189 0.485781432821314
0.480741979778158 0.476112283522315
0.481698909067409 0.471469705212614
0.451125215949083 0.491442330876106
0.455975159283716 0.495739321455238
0.447519766375199 0.506725705930370
0.459298334763990 0.497863923896972
0.466876844627260 0.503240643303488
0.422055397844899 0.516134303769159
0.422910824149340 0.532792750062790
0.449020380363343 0.522110744622588
0.413730744465129 0.536932808597075
0.413370315643666 0.547628930559209
0.383159690714981 0.538410232187440
0.380514430525021 0.519272017534483
0.369537984658749 0.505932657283699
0.375410153239691 0.498876500641404
0.390238765808865 0.522623510343313
0.387525478092733 0.507621684348035
0.364341881295825 0.456074053168331
0.295200665153191 0.489485703636653
0.309903991087295 0.494317740432135
0.322666546945771 0.492796450151501
0.309385603437845 0.514624666196585
0.320224974919215 0.541218071496681
0.323329874464930 0.534289211749234
0.323733534814666 0.527739772353200
0.330500514866086 0.501856133575484
0.356085281053598 0.506736697865062
0.356557837387807 0.466193805200138
0.364704823291257 0.515627043096175
0.356500332875410 0.537688573607099
0.366280780344401 0.543102185494780
0.358308167829322 0.578910784134134
0.353766264093000 0.606722416173072
0.363104265817955 0.622791538770679
0.343455706417307 0.612939140113508
0.329699620758043 0.611439843946807
0.343281615219676 0.558944669346765
0.337950464961096 0.550972213759540
0.329358561117835 0.523086082433856
0.329523166795039 0.599252536240617
0.313942050707500 0.624952569894936
0.345096738238398 0.618769235265799
0.332052304564068 0.632598472122382
0.323037286439462 0.633497210514498
0.313418830425208 0.644095280041962
0.325445467757734 0.651091030636379
0.314902656858276 0.651327654556989
0.278369691352532 0.653862728110451
0.307988822603593 0.670341881304207
0.298219938901355 0.660693836240421
0.343065754670215 0.654774340174522
0.340444239014967 0.663008837803737
0.346279558421243 0.654872763275575
0.358388668558741 0.642907330600036
0.362562576012017 0.652639141144529
0.360241968352460 0.659870756631657
0.344266156826292 0.672126293961018
0.301815954177555 0.688055442966547
0.297743597206540 0.699373709829233
0.288091717422051 0.706029403352192
0.261649575206288 0.716983007135327
0.251274515991693 0.674182278418067
0.238948035165178 0.668005677251148
0.241153142992944 0.638558114710524
0.245041327199452 0.609348613121243
0.250818443601401 0.642266682182563
0.252363865846937 0.605053738972663
0.270312061659206 0.631204638458418
0.278769882991337 0.628630835855673
0.283292481807662 0.622080290048421
0.327751641780022 0.573571882477762
0.300441208435428 0.576207015000380
0.281503621154234 0.572311732718866
0.274200821423065 0.548174693038768
0.271730002608024 0.568947653551096
0.243847050351951 0.590614016908507
0.253571630573632 0.559345724321597
0.259210458146041 0.536056897386935
0.250271952361926 0.521726954505652
0.249767080997008 0.557444317991587
0.234233727322069 0.558325152638520
0.185592346445467 0.546269616832151
0.166244193988966 0.536761698563007
0.171548325648321 0.539101698686882
0.167011364440905 0.529592554797229
0.184583763677899 0.516502487713705
0.216883555155659 0.517911355252336
0.226536532969464 0.514481519122832
0.237208641710323 0.525055669026941
0.249182149418249 0.505943706494730
0.295641030322593 0.481430595033537
0.320985709932160 0.458085479893761
0.324765489587917 0.445404560512586
0.339123418246919 0.457944490228754
0.337376629625157 0.467436850288621
0.364183243533682 0.448237232606968
0.359942549541566 0.442533367985177
0.357316507192942 0.446690469722585
0.322776314021450 0.426377508522187
0.315211080627149 0.426471755572814
0.330338535984204 0.413252486574115
0.327463274974126 0.417755758584363
0.357178054450628 0.425629429251714
0.350893872022114 0.429860166008519
0.369748390917549 0.426651026786608
0.387488920887694 0.458345021800299
0.433444761407303 0.443116897457799
0.416222550168737 0.475876314787137
0.433181161728306 0.480499995164806
0.416402823485622 0.494791706323061
0.411805135855360 0.493514108235722
0.403780528066578 0.502951025265712
0.429553935504311 0.496489436131199
0.455600967377238 0.463596655737421
0.475651850214066 0.436312692908716
0.480991038252130 0.457580111668250
0.482418728751325 0.427016064723495
0.476384844852791 0.411007612203717
0.519819964431142 0.414566780633557
0.516206379288904 0.432764001857845
0.538750310679316 0.409007863332055
0.532249124502879 0.428533948691810
0.535425429481745 0.430397376618533
0.511096917796459 0.443640651853588
0.507413514194737 0.452555074567234
0.489453882206908 0.444884667380194
0.519591260477710 0.465254090011704
0.513417941757207 0.471133974134519
0.516430376338042 0.527086482163093
0.559618361554862 0.503044618062230
0.577881855227929 0.501314339461417
0.566954267009606 0.493327014377959
0.582623295757278 0.468288983436436
0.569316370677816 0.486210745985718
0.538870744658108 0.475533542444712
0.551587034739362 0.454425132113707
0.582427351075424 0.457962617957016
0.583980251841238 0.452705373732702
0.578156974435857 0.434991192740850
0.572404332725519 0.405082073251289
0.566475841480529 0.397804740070274
0.594999728070106 0.389433019044545
0.561381322127479 0.379120835745298
0.555682318543867 0.390106905433399
0.505991037704978 0.401700030268030
0.499294685898020 0.355208800805364
0.503147196724614 0.351022295351616
0.535920003212951 0.340344323935148
0.542900740421797 0.359808501489371
0.522640415710695 0.381042286465430
0.547867587091340 0.372659428218687
0.554974100810929 0.372621739922381
0.560574325528263 0.368086218074004
0.559427759404959 0.344263604536775
0.572154350845215 0.348009452385832
0.607953406687804 0.356150124387886
0.620076495045832 0.399418839905140
0.632774449713889 0.342377296808351
0.636452469805466 0.351306893560713
0.643644650300799 0.376547873661177
0.591813941296103 0.453337104736519
0.605199224131740 0.480546117984013
0.624652036290919 0.487006861943289
0.639275593049487 0.507099983518524
0.659110671216208 0.469201693529823
0.637541250622618 0.501604870195317
0.638178798667238 0.467088523072697
0.625800373789761 0.462236832576914
0.631773172706260 0.424018541548410
0.632094809614166 0.416057115148780
0.665191985976506 0.369448996321042
0.649311445490137 0.316911316624336
0.657294521414346 0.295076193425374
0.638021016324880 0.302312994050939
0.636422377841744 0.308224874692142
0.601134567801438 0.348326053632575
0.593662642684608 0.349116330663262
0.583749688967946 0.327833405848515
0.559932564645974 0.332334950721047
0.535687940444652 0.320061527807294
0.551062906883221 0.302296311269652
0.589083718875928 0.294922354302799
0.632956376594005 0.309278934406712
0.640065896157206 0.248763078473864
0.626741885965104 0.230668502967185
0.630893243304870 0.244498398734489
0.626764536661452 0.291179391691079
0.623422936361014 0.263664930250340
0.594112380218744 0.277028945869314
0.566771866086299 0.288944968622618
0.579040757650063 0.260641185688153
0.595506194324934 0.222374854712922
0.569797137551846 0.247560021582786
0.549054461787014 0.259917970402128
0.554032285024427 0.217984490663737
0.542903183746572 0.255547779731242
0.538653184910609 0.255731830958152
0.536021651018421 0.271520808465556
0.511231388669103 0.258295058393057
0.493222893445391 0.234377458335076
0.478631343449760 0.231632842324503
0.482023364157427 0.192656451460280
0.510994640882590 0.245232976155930
0.515077783966008 0.249080847133454
0.525067814870303 0.207696069128670
0.506193838317969 0.218419225056851
0.525044559279943 0.206799083951301
0.509536998118058 0.193618381486097
0.525038921984396 0.198630719072479
0.551058045845040 0.181913594800007
0.549579482315844 0.170457568099004
0.561208086349633 0.198437604214269
0.533811176909977 0.205623772556718
0.556193919180051 0.203280927242376
0.577099940076983 0.193024390466988
0.570263745528769 0.172241387503334
0.573451982146805 0.152927375935450
0.550443100533655 0.127572528146008
0.553346252326549 0.127626761853521
0.620076719960234 0.150025308667694
0.605864198694874 0.140485211340936
0.608633447256234 0.131949190111807
0.602134764474879 0.110518011781628
0.578879315675646 0.103575429461699
0.513397273380960 0.150513368263148
0.488164001371788 0.185227730863368
0.488274551224091 0.184534190774213
0.447348371356422 0.161443447769360
0.484454088604289 0.142776255562332
0.451182355383030 0.136765321780353
0.499382792273249 0.129899650406977
0.492223735196620 0.146574936875410
0.506135715873044 0.123992799373340
0.507056361766093 0.108312340969365
0.471109067774894 0.106828442358798
0.503621205456378 0.094110026068105
0.447740704961000 0.111834994569344
0.371591163506541 0.049146324419019
0.365282124544160 0.034490063336906
0.420049260100373 0.052059686301304
0.432521239590142 0.063335284154553
0.437371821812062 0.075626049691637
0.443092673757622 0.067724281022197
0.470750809400692 0.077413339669543
0.472897959627629 0.050336863403365
0.496776297919814 0.081478920337501
0.537539758969815 0.090742018581714
0.550118238455671 0.095682422209383
0.600462527759589 0.079565442669934
0.624528382729985 0.076385194005624
0.626915456553416 0.060881217504331
0.648502133622999 0.021324946089333
0.611633978603237 0.015651647474455
0.585753907256645 0.009659186941413
0.579906618026973 0.020969760148306
0.569019160498408 0.036133999487448
0.573430071851905 0.038631060178685
0.592774298783752 0.039205701574313
0.592355801999735 0.022381601865581
0.605337824023020 0.046734132825739
0.598817094508008 0.057000300873537
0.515730621067682 0.038253113179585
0.502288511722483 0.039515141881777
0.552544327710077 0.086939508601529
0.511834203503949 0.066748548795818
0.532110899003274 0.070992814410009
0.473545391333078 0.049614811804898
0.437682616728210 0.057809108429499
0.421112903124240 0.045141876230548
0.385853912395357 0.037349157984065
0.420310074193547 0.020172596452838
0.399017636850019 0.016655994586952
0.369167400695927 0.028014719964943
0.315409041622378 0.036746834887539
0.327105143725455 0.046869940611939
0.323378941660458 0.038052294421034
0.358940330035491 0.050161858578288
0.352616516571779 0.076195748092698
0.381699704742851 0.082538228986104
0.386692950216445 0.093157187147605
0.392976436946996 0.095179258424407
0.378357484181578 0.115814324522305
0.345914423161146 0.088890040334729
0.320209290981390 0.105349874638650
0.335311434853501 0.153956237786429
0.349554207804405 0.170965220393131
0.347436569327226 0.161408586502731
0.363008277194113 0.136095754399940
0.446937887206179 0.115299703607010
0.431864693496313 0.125014570134233
0.426251551800525 0.149386519170081
0.474706741736600 0.189489511861228
0.465480060067717 0.206807222313624
0.422700865391037 0.164232973085825
0.403988237680862 0.155403243450170
0.371185239111625 0.145621033453206
0.374957536987475 0.155477644482384
0.394551701561805 0.179446884980168
0.421358281477056 0.193866496530299
0.448992289811835 0.235509917249675
0.444994475899727 0.229527472159605
0.437586645799497 0.226332365640594
0.451968433080226 0.263508449896941
0.465867202014600 0.277762623633148
0.472675171435194 0.258162517220789
0.482240722739250 0.250231084996011
0.514186281484639 0.276739796286793
0.470743265687834 0.284285133371262
0.485630615840494 0.289974098694499
0.527752715874348 0.294200498747733
0.547590961934808 0.304014690361924
0.512266617972528 0.311904528789178
0.491670790357362 0.334784587535441
0.459173255813854 0.279312934390881
0.452973864252201 0.281358942054845
0.436619900370305 0.316980497593517
0.433922245369257 0.298369476244957
0.410300021716533 0.337446909089315
0.419530641948586 0.397507975528719
0.429001330132131 0.387864344933938
0.424154646426511 0.395109931191015
0.430815303898796 0.424885485984797
0.432611251451360 0.386190015536821
0.451115348120739 0.366832961033486
0.456711298067454 0.364100837318274
0.454531473784955 0.381311179316282
0.460860013245074 0.363645154686479
0.462385385046893 0.345513452005346
0.449032818641995 0.350503492332298
0.466355534021908 0.325382686371628
0.498123936587071 0.395962392630038
0.501060812501731 0.405715075044760
0.466935960793372 0.397245054318218
0.442653855049356 0.441309264135225
0.431067227121008 0.426422185928757
0.411956035258228 0.417359529257454
0.393582856000207 0.408206479814000
0.381805478772989 0.390123744676879
0.348049659444042 0.376917438291440
0.356316030657066 0.415768226802241
0.317148784323199 0.380916739991362
0.339311909554206 0.398005708771760
0.310420352178822 0.364233059512560
0.304650329195266 0.363222029694925
0.274635049176698 0.404803652504833
0.294676200158278 0.410418218192839
0.277499020228860 0.408596342154125
0.253373667250096 0.438305655698434
0.259046189141947 0.445228619708320
0.281037425287551 0.487417653895643
0.261506192973585 0.494165843117128
0.266222980463050 0.479497532117878
0.247438311226404 0.490080883489028
0.220601404188481 0.468837122185546
0.251325307996629 0.455467865083119
0.235560255234856 0.435955520456636
0.194701296833670 0.385470004931777
0.173898808739101 0.391441738880911
0.186335857113048 0.408132926285329
0.137907094852024 0.387387466331659
0.117728868088559 0.420940544186598
0.117439132704138 0.436971924936851
0.114422074106718 0.445050916841743
0.125392874761202 0.437648919149138
0.129615069893010 0.431557705826851
0.152413630463376 0.419570807562941
0.193006391726903 0.429546917523046
0.207811070702882 0.438002600538546
0.177704346448977 0.440952090751823
0.159831418264579 0.432638215568214
0.134731103728866 0.453211148480517
0.138429245510338 0.466851101939963
0.142342361687842 0.471284715678210
0.148059924667729 0.461890536109866
0.143757975261546 0.476655238064311
0.155724960917479 0.475750016270089
0.162997616065199 0.477460192273120
0.140365486098624 0.493908185741821
0.124983625079032 0.481921534278394
0.119082351270636 0.464250385046122
0.109800693630148 0.574298890109313
0.151072172518388 0.533558782904203
0.177917640273421 0.455584565855369
0.180175384124823 0.450592191634044
0.200086526200216 0.463847516786236
0.177576811601211 0.469994498635640
0.160472887642902 0.536000401496887
0.129187837768899 0.578081901454405
0.123561251034756 0.580850238716626
0.126455007645513 0.580873720618372
0.144490507032951 0.572450201759324
0.149392416770287 0.568665722649854
0.124001621792094 0.609081435766575
0.125046534521993 0.633134891573868
0.123560612147469 0.629264160818078
0.102856463800583 0.613451504899865
0.088298671454330 0.611961647221801
0.096153681676906 0.597930311038126
0.102403610061111 0.567707701384885
0.083272481375966 0.546653100543960
0.065662925627857 0.519429621994230
0.054941277510925 0.526997283812145
0.040924215708358 0.583731320027137
0.038167758396905 0.560292375534909
0.034043305569349 0.521657854561535
0.028097183456690 0.528755960300917
0.014015209867626 0.498159514972083
0.014522998134849 0.516435876263509
0.031485709376394 0.566000177788548
0.034295067672755 0.615006912786051
0.040870899353582 0.617126778986830
0.067585974031867 0.594839900077712
0.058868450605715 0.561397678480203
0.077015641646933 0.548686599148757
0.072806696907061 0.586812368867366
0.086150126571837 0.601104731485762
0.073132781345925 0.668544598235071
0.087983722839497 0.620664096726414
0.090899212328205 0.628392447078783
0.115646300425588 0.644065270965949
0.133817675120112 0.682646281869452
0.141211418500734 0.667329531473727
0.145996408605015 0.691519902409762
0.141358176777772 0.653873606423789
0.136789454676578 0.621263152277685
0.156169497015034 0.612084105895871
0.158209975416870 0.628449269397393
0.220741015496077 0.566704738683395
0.208072004936669 0.590964564863110
0.216376703333285 0.582748187977238
0.198525280784129 0.605457202813335
0.227524137696030 0.584807940099765
0.226414941822372 0.610783666191056
0.213219409907805 0.646289675331809
0.221765967654887 0.690747999907820
0.232657679930636 0.698611709614569
0.256738097060815 0.728803790513800
0.263546523295132 0.758836229219491
0.253150556820049 0.750895907986395
0.247450076158834 0.756180358471433
0.240828026663898 0.739637517714704
0.224179298255676 0.715741116421177
0.184488688681502 0.712274822272488
0.185057664841906 0.735003389760388
0.167708803046359 0.699488827818767
0.198220629337346 0.680234065130462
0.197315975649895 0.692702357979818
0.208631727941628 0.694104085068267
0.205940609428073 0.654482550292501
0.189288837457676 0.665816757206720
0.207464759334673 0.651939160028444
0.199814669880930 0.628085449630434
0.196109160872227 0.657358453915156
0.193171550144056 0.654395406439153
0.187170053453730 0.643398189751151
0.181122266306133 0.647755655296033
0.160015011280782 0.664376687567857
0.174976163625240 0.660053704706977
0.180756167127172 0.671247080746687
0.132090567672667 0.700233705202226
0.135598972968570 0.707536014126398
0.097410509873838 0.733311882118374
0.094352914530017 0.737417620484446
0.145435567081643 0.726914105344058
0.185852025256423 0.737732560717376
0.177314697847382 0.738662732643384
0.183417216960069 0.775887961860694
0.161274345666764 0.756867033316226
0.166596815998944 0.777096218791369
0.190983539536122 0.793836676419637
0.181530175815118 0.800632128399160
0.152939851001343 0.808414811644896
0.181227451740404 0.818606051997564
0.188091314019678 0.818146999840693
0.222297150745195 0.826810801786748
0.221738678506454 0.793705284965087
0.225978084945110 0.812399307644181
0.223811389051290 0.783102071277379
0.239269564970988 0.791701731640707
0.208156470306291 0.768311205677833
0.192133254926714 0.757716659343669
0.218784344018802 0.773756229678987
0.215426183871658 0.767172593980642
0.241103269272066 0.761954220832304
0.275752124039341 0.822897510054939
0.295077191803175 0.803452897259711
0.306866228257709 0.784823883690324
0.308639059452638 0.788692349469612
0.307766969924684 0.803137180303753
0.305282950077803 0.818417939272904
0.320284684337808 0.847661935653380
0.305652476523841 0.838224184158363
0.295143364600438 0.857322659277042
0.301304727467385 0.844030629770845
0.287104006990373 0.846013639981865
0.278556735850199 0.854620157673312
0.259981753425664 0.890482987226212
0.275071622931897 0.847620154194357
0.256893178102045 0.845996844976208
0.240483274329679 0.820585237266768
0.229874864793324 0.841060554069029
0.253209644115162 0.856645217098596
0.244721162712537 0.874654415936514
0.252607309842765 0.912651004229044
0.257603469424696 0.895442668765524
0.303509721673797 0.883337881827419
0.283585719430626 0.907391328787148
0.294633721604307 0.931308197291246
0.300753262499698 0.973680737416111
0.272370826579803 0.955223606412869
0.239110693912539 0.979592591980282
0.225499371171696 0.983438539776690
0.221126935547742 0.978012899857952
0.212234517192577 0.981839596751071
0.176367499016396 0.993956298098879
0.219272843664173 0.991194061465186
0.250925042783341 0.981094162902373
0.291339522828972 0.984691758632982
0.284896572253153 0.990616767662865
0.319106369893582 0.990891667544326
0.310482341940739 0.996931250671358
0.240347270034415 0.997950013260334
0.206270327887624 0.999941148795160
0.163765363005812 0.996313124427718
0.166582308787192 0.978842431669516
0.172901514998126 0.984382046844988
0.176331527147596 0.968153872978014
0.181162859863212 0.959939066767664
0.212403591355497 0.976055639784809
0.240603027977330 0.973691813169835
0.239544703736689 0.961386292223533
0.232333494458503 0.954983157084781
0.225874989864358 0.943005274489059
0.262917840044442 0.941338872044039
0.257025977716328 0.933845131627212
0.244760661499929 0.914324492176214
0.238597717247250 0.885698112140269
0.234713209436607 0.850409784284611
0.214864963299998 0.852120333747994
0.204359577132556 0.883185113260143
0.206052364411788 0.869120596381426
0.210059554413920 0.854200165185239
0.192281287253034 0.885768040961478
0.184940886304221 0.920588337313658
0.214445332630745 0.902581695421870
0.229842011458167 0.919022245294891
0.213164086552879 0.952040081821401
0.214090841922020 0.959609289634791
0.180120065426510 0.958955699558815
0.166276939756366 0.960980157349715
0.106608626482360 0.995127721221711
0.094234150412601 0.999798800330515
0.100919574080463 0.992549164682882
0.038071554637547 0.995742634402468
0.036174077091820 0.992921573106629
0.028215999728169 0.991982089351854
0.061793050291852 0.981429018537248
0.085554357192272 0.975394868280457
0.041656412203636 0.972879589057006
0.063548791251867 0.963490169478343
0.116625919526734 0.955463405212138
0.123280195576735 0.963869442680790
0.141588401115308 0.952639046568721
0.144290246136622 0.963917167840487
0.191989392131562 0.940667855525700
0.188005877746272 0.934531731966199
0.180702340873285 0.938453585346441
0.162671910674624 0.935669939003731
0.140770166246579 0.930076442626340
0.162774630898039 0.921862127688649
0.154227593054170 0.915602492594906
0.164104085026357 0.913423529320128
0.136714860860591 0.892976733340405
0.124696022888970 0.900702984491691
0.133475897895860 0.911577568348300
0.107024913703569 0.938974678022309
0.103911166127730 0.898792333388139
0.100771426270144 0.892975911448233
0.051101491344674 0.847360839530528
0.071483466341851 0.872575921412826
0.089365639299790 0.893855210344240
0.017589270145441 0.901511192741576
0.078567769415010 0.896346331991417
0.090027196374734 0.951921214327179
0.063124398264626 0.955927168464254
0.035001324971673 0.959910776913125
0.035241705381890 0.966048276036069
0.021761419261695 0.929290204276000
0.029578624772643 0.972976338571392
0.034696850010518 0.973861894092458
0.003404670862204 0.995524660682084
0.004156892655490 0.898877637879400
0.024194463167430 0.898056966670815
0.024108131427368 0.882769712192365
0.010363634214906 0.847591136045564
0.012909548363141 0.778162425746286
0.024442039441523 0.692881237572469
0.028328271595914 0.711943788319800
0.022580399654145 0.769939444386372
0.023654561966497 0.788088957214769
0.023417600907114 0.850486593717004
0.033776497484081 0.828882168898770
0.055046186808053 0.837323226890212
0.074652778950824 0.837841394281872
0.078711104150261 0.845133656098104
0.081608859394495 0.861994770756920
0.075840304640979 0.863621877442869
0.074671603308372 0.868122665615809
0.168611839026498 0.858191247032113
0.179231800688073 0.846412676780677
0.090966227506737 0.858639963371046
0.157657102289450 0.847251562796185
0.120449265521229 0.841144905351635
0.160599613171350 0.828314285645408
0.163242132013311 0.826406464365500
0.171420924911006 0.833607450050119
0.176227511454480 0.840438818019088
0.178416448262714 0.826948198874923
0.128629536427851 0.822106604381514
0.140793317994472 0.809769309502919
0.127516742855085 0.816457525741522
0.098716010851188 0.832179034981960
0.100677676545772 0.822336339309037
0.104188521441160 0.817172286946872
0.118928364533432 0.789230576152555
0.105763109450118 0.804000490719453
0.083101829552605 0.765067132546132
0.122459588629408 0.776951411635127
0.132199359187949 0.792878501486442
0.130966290426891 0.780476508559881
0.140870516719702 0.770038325698133
0.155127493271198 0.751095697633501
0.163522819133253 0.742367986469701
0.121922886987181 0.753077491537238
0.069961621924286 0.768641144395173
0.095565686978198 0.796504368445139
0.080318535715490 0.823354083031115
0.080106960181197 0.823732443071777
0.032557741754017 0.797928054722924
0.028565536732117 0.718039232640545
0.035779546031626 0.783271501671184
0.046752532500193 0.794579711647043
0.059748079655575 0.805300366042787
0.044122922254784 0.751744049019992
0.053733605450827 0.707579037504075
0.055015501591850 0.689022915758669
0.060089833596763 0.741397633562515
0.059295719982728 0.663343455485694
0.040604444705231 0.641367571727078
0.043694217244021 0.667525573944452
0.031504084370799 0.683109314499008
0.036674396617652 0.718428417909159
0.026235260547248 0.672518063649776
0.015921077698432 0.603648746667266
0.027687545413006 0.590708735674018
0.002123717219626 0.541792002758846
0.006380043461164 0.641981800851404
0.001102328766651 0.809319736347217
0.000621521380088 0.757689832131234