-0.99467482417574 -0.9603867064977
-0.9833391848874 -0.947148526994114
-0.945956760992276 -0.980357076032254
-0.921674687378888 -0.970928506912164
-0.885665459505126 -0.973949184629112
-0.770322472681442 -0.955628693083128
-0.751106543350548 -0.94582806525092
-0.657334290285284 -0.870285185924864
-0.734199573162104 -0.792777563348774
-0.716913695315324 -0.585775639668934
-0.710975979320228 -0.728026819288744
-0.71337788911228 -0.754371160526932
-0.699591535003666 -0.74408524378393
-0.691529958365266 -0.668870047511938
-0.643054762688956 -0.664943449043176
-0.610978350793468 -0.699096933798444
-0.55698591450089 -0.83494288000974
-0.653251188645722 -0.963330065814466
-0.537614230782546 -0.926167384686958
-0.424135350354078 -0.779117829063496
-0.418420648862804 -0.779283068040052
-0.273983445611774 -0.72780849120012
-0.308171153677708 -0.822219919330542
-0.294766966856442 -0.847608503814604
-0.34578971254909 -0.906260118776122
-0.475698780024284 -0.94768874717303
-0.282119339929018 -0.899676282843424
-0.214047126106008 -0.809641483151186
-0.05778186445021200001 -0.786343115282404
-0.001234415453501999996 -0.740200699186046
0.154199880153966 -0.613951219066024
0.139594275103692 -0.504879956834428
0.20168108455915 -0.502321558772736
0.3145890428286920001 -0.409847613149252
0.178167437751856 -0.410155291394402
0.133543732172598 -0.422110062754764
0.09810892357402800005 -0.480164059195744
0.102125813766442 -0.395407377460696
0.05550543174869599999 -0.411599002504534
-0.10201542037633 -0.52898016550065
0.07730636982121799996 -0.488536338083696
0.050077843968792 -0.602738561855042
0.01907399623611599998 -0.612763237027806
-0.105303257287156 -0.67711310446128
-0.124826708401006 -0.547335268718812
-0.108839389453102 -0.467593513181244
-0.0682655959708 -0.444474752733704
0.118855518809918 -0.31147279092645
0.08580148084359399995 -0.280382997021258
0.006294393449227999975 -0.297955409296768
0.07750062135863199997 -0.18198427333589
0.249304072581838 -0.02598627611342199998
0.292292250922086 0.07223993403475799998
0.278551186098974 0.01419996703704799995
0.299508024612212 0.072794671669972
0.29800224644039 0.06641581704207400003
0.251600747579522 -0.07552633484617200002
0.352390626143846 0.05369212248068800004
0.326560360065922 0.01475428371446000004
0.378806076654608 0.02649692866322400002
0.402246569936278 0.09097605621953400005
0.3305566941064580001 0.161933077109016
0.216274380318948 0.117904061040796
0.162650515866768 0.146820759934756
0.121703021750648 0.213572726218762
0.07132113309173 0.209328696694844
0.1185885766142 0.06605329227915599996
0.13404341187982 0.04689686794155199995
0.07085085896348999998 -0.139205246762934
-0.02109223558618400003 -0.110230665239612
-0.03586348846362200001 -0.02843713435737199997
-0.08879806524552399997 -0.07280668852515799998
-0.06837895562331199999 0.140106920683806
-0.04386184133768999998 0.126944426971928
0.03285539384598599999 0.156118070313762
-0.09126652548614200001 0.198816227353558
-0.06797717281988600001 0.238395159709452
0.01692129160134200005 0.253286675202328
0.01808886929326200001 0.35463121317077
-0.019441741062068 0.4955717090031
0.04156022194845599999 0.367389020215436
0.04956456788329599995 0.40121048940402
0.09432129892256200002 0.486882390215472
0.106187234216456 0.6696956752192679999
0.08498001056023800001 0.679035476259438
0.06937704843905599997 0.740114861046948
0.13815023430537 0.662019378348262
0.144387714166374 0.574773972656006
0.169195572458764 0.300932437787266
0.308173603987402 0.255965962659552
0.405691311417936 0.1800652123894839999
0.361577641852934 0.2290571887181399999
0.185584912628674 0.4048809806839
0.205968826639452 0.425197805941662
0.234273038447962 0.45223825585667
0.273533055220514 0.493189374680254
0.223774596687302 0.540177944833496
0.277610799892624 0.58593849539102
0.41698409124137 0.557637331801298
0.5684536041545 0.660159535547792
0.513580468256762 0.532748362763202
0.429297637859964 0.396332848536006
0.432265889566516 0.43032057836201
0.321798072812054 0.3394395696648580001
0.343406025014542 0.31487901570037
0.458253159866786 0.186615097889032
0.494768194618992 0.16070853414047
0.4563570318074700001 0.227916285967416
0.6007023433226640001 0.111997200693934
0.599559603072498 0.09582219044483400005
0.545142634559954 0.06352177963756200005
0.469669800004768 0.11609801795152
0.499306862940688 0.0007941746156639999544
0.534927052229144 -0.07373521340719199998
0.429853155943496 -0.28616730835576
0.418407433395464 -0.254099647167186
0.330383971953012 -0.261102007357916
0.3560605707373759999 -0.2257809849576
0.240152990091664 -0.20116232018972
0.122762644254958 -0.241758328509404
0.202269135602876 -0.30334789273485
0.272904939610932 -0.297386212878574
0.397541984635192 -0.334604580576814
0.357256661801252 -0.328076409794426
0.26591275318801 -0.381442131186576
0.40782648204259 -0.374807000800412
0.44917955410163 -0.343782946161824
0.401853656117736 -0.336556233156732
0.475177165807774 -0.287489600147814
0.418632237901274 -0.499379889806444
0.400285710301384 -0.484158332219422
0.38410706789424 -0.529241803814304
0.3686366376321 -0.571519473368078
0.253483771930208 -0.53866299406563
0.380806374075266 -0.638365961442872
0.277347501962142 -0.894478084470368
0.253830913106832 -0.878237564991338
0.209485214766806 -0.585465273626832
0.174757537979054 -0.616520545266812
0.14690396429361 -0.6941452481291
0.07507951793963000002 -0.818515962836572
-0.05420408074474200003 -0.89932627319327
0.157758631351292 -0.792849141076602
0.138038320996816 -0.927732001025104
0.043881666401346 -0.947177416620394
0.299778721900554 -0.89572201198699
0.305711785939388 -0.947020541851884
0.01186084515036200005 -0.984390793360952
-0.05283250522466000001 -0.991801055144426
-0.123746854776398 -0.95089396925219
-0.159901479799254 -0.895880627397392
-0.201964726299962 -0.966688010826096
-0.39474535705277 -0.964251280745608
-0.459986977027724 -0.98630027844864
-0.103611888877866 -0.99839455727413
0.644657619132036 -0.96225966697664
0.53386174679448 -0.98299463465018
0.570711578042578 -0.97953874896259
0.63171941024797 -0.98826806619217
0.643638912422414 -0.992768657390386
0.681381683648276 -0.949237663275208
0.786737092671328 -0.914320322645046
0.936468552768448 -0.999880875460748
0.879323758128716 -0.856292061440782
0.735442357014604 -0.737887611490622
0.91752770539258 -0.765795854742544
0.971208300428096 -0.79724176684266
0.974585988546994 -0.642588951458498
0.9859056165376239999 -0.706066703286984
0.995201033537836 -0.53778646399164
0.687409683916442 -0.549062066501502
0.589944624151078 -0.478155952635294
0.599494579992952 -0.538283897348812
0.601791457087636 -0.564927965200006
0.571784516597066 -0.577514985379538
0.8097124620386 -0.611757206549754
0.79069259287356 -0.689860872779908
0.554174656772136 -0.73006892564244
0.663631596445866 -0.723876440769004
0.648240831516796 -0.736105454031428
0.6056632630553400001 -0.905461913862016
0.529125005718844 -0.808744410895158
0.4218385282074279999 -0.923953727783614
0.415839972633794 -0.781333204256992
0.412218118744072 -0.589782326291214
0.431603454720044 -0.58001873902046
0.48655580705337 -0.636939167807316
0.481404820215612 -0.511381760943394
0.582961945600324 -0.464687249373964
0.5770854677898279999 -0.371154623744616
0.526863409917272 -0.345708733119866
0.532139141826024 -0.34043332158608
0.582020900017592 -0.288937615830888
0.600037887506204 -0.389024924202368
0.722931393293166 -0.212096235347956
0.57011414392391 -0.23433703893532
0.570524245300574 -0.223478382091726
0.518755377046184 -0.312934731744666
0.554761226081644 -0.210522167948318
0.55600154192932 -0.118725631906988
0.612822224205742 -0.13441749621854
0.613943794562456 -0.07695481045029800002
0.585065873146554 0.01501463400899199997
0.563319388573672 0.05731148042590799999
0.747238619135338 -0.186375414573762
0.687713442224876 -0.07231256136312800003
0.716039824167284 0.08718427135012400003
0.71564804469964 0.112296584580232
0.826182188385252 -0.274282252078076
0.822329447521982 -0.2882082654574
0.81122593945415 -0.384141874212838
0.9041294557527319999 -0.417771667902252
0.946591045682594 -0.384075441110914
0.961877317150066 -0.38116927695515
0.9914262527559999999 -0.329385606259752
0.958464956823022 -0.240292542260276
0.895378369789282 -0.07233924841151600002
0.93044064563254 0.005073065406211999992
0.895244227673506 0.01665041736171200002
0.88142512360654 0.299669588589888
0.979955757027472 0.07130612017182000003
0.975059275503764 0.2409558795583220001
0.999823270365514 0.332235676856822
0.97721454127562 0.41976842070919
0.958902209046716 0.350831307168506
0.974667984049148 0.303995675083248
0.961583312582962 0.24917462712581
0.96020214537168 0.174061429302236
0.950350357196456 0.1667749952370180001
0.914036910009588 0.577028373059364
0.959375523943164 0.768549649868416
0.800591033790536 0.710522738150564
0.8324135187232939999 0.708723137950862
0.7939294119337240001 0.596805949507656
0.88618949422901 0.569720521368888
0.871440869696178 0.379039129884466
0.866539678474208 0.12393131904487
0.745833079212268 0.08372629949996600004
0.73609229723741 0.124668973090438
0.796438953744452 0.3740858022934219999
0.801401866507438 0.385288205642854
0.787282113818118 0.6176896521904
0.722251815592056 0.552580646962198
0.73223390324611 0.434979824086176
0.762733445392332 0.3853108274682
0.644731849266558 0.422625214523926
0.60525331907219 0.367878028828594
0.667391681888788 0.324628217762628
0.7469530290677 0.246441342517008
0.721607474480572 0.141540875258642
0.6689078647964200001 0.153354187101756
0.602986171656748 0.052751777252532
0.62619210389731 0.105450301014562
0.54227566418344 0.187439136760048
0.55343603415109 0.20927182268783
0.70723513686435 0.262681459664684
0.477721099498552 0.264598954126518
0.44188337281434 0.252897637548344
0.397296309190474 0.32523912905028
0.55845721324834 0.35570497315177
0.5971496839063 0.382470615851912
0.72800956281275 0.82878206569179
0.75080096710045 0.91181107792622
0.883207664770636 0.849928614613566
0.936679443314988 0.823251862927922
0.937298834294686 0.98876354935987
0.81986905532883 0.9644718216566700001
0.772893830096766 0.989648934448906
0.769159352299366 0.995207891797278
0.698458058619154 0.834685665478318
0.650000822567382 0.767849860604782
0.6261066820594039999 0.66268084275661
0.613434886379836 0.67313744205662
0.653747003364258 0.833688178022246
0.677073824069032 0.868028675144552
0.661260512499726 0.942945782999948
0.506708858304988 0.838188994600526
0.3971379862153619999 0.833132436421296
0.38488836930361 0.712843212165332
0.311201667092368 0.694654199152558
0.295478298932072 0.695117104656584
0.168961814217718 0.635934032330258
0.276001786476002 0.700637405598832
0.389084708592428 0.855992622606452
0.247944888308618 0.966384842976176
0.266490836286214 0.884458719698926
0.209142158370996 0.781744274209134
0.09306823047486599998 0.836276151163632
0.03290664173332399998 0.842523287908418
0.02832493233882200001 0.93970654622638
0.236379187198532 0.902340161568644
0.183363200716378 0.9194383406636479999
0.1481487979870979999 0.957351487110068
0.203499239498516 0.985439364791586
0.01267021569082000003 0.966566665082502
-0.08048387667186800002 0.935993156366048
0.039565410949088 0.791010839767294
0.02705122671418399996 0.797950501459628
-0.05143386640187000002 0.80751278894372
0.04876907963713999995 0.503801896005776
-0.162511154619284 0.74360169178974
-0.115530908627218 0.651994759054852
-0.196950208953092 0.603895155528512
-0.197451833261854 0.585369257994634
-0.178290850100242 0.506829043620652
-0.143627515595232 0.467959340414014
-0.155855960750886 0.186315675818508
-0.200054736435438 0.385029202972086
-0.204097669201018 0.2399928668700119999
-0.201911192947026 0.48373245237569
-0.194318030585682 0.539028236427824
-0.247249017119058 0.525026284868376
-0.247576327644092 0.40004373965787
-0.36914494883695 0.613877758203948
-0.388695046952318 0.676448368316726
-0.359430631324384 0.69532387130676
-0.318601006324682 0.705227700856154
-0.229413373036968 0.741712475075252
-0.210215093200196 0.82162264633068
-0.137614444427944 0.7399227645899740001
-0.194713975859208 0.827162037523074
-0.09231653301618799999 0.890456519969952
-0.178152259056528 0.890454373271416
-0.107037100525124 0.93665638376803
-0.361787260212836 0.981783335088652
-0.417320954342056 0.969383517265964
-0.246041282660348 0.95432410387058
-0.242552762498406 0.877028892690794
-0.218344816574056 0.904613848731208
-0.207053813714094 0.849043961544076
-0.297504230075284 0.832455106932882
-0.480036493148672 0.780965974452424
-0.510478677000142 0.828648984352428
-0.485948044567344 0.867690263254424
-0.575530965614846 0.963679193502142
-0.379035316118522 0.993862501342716
-0.561454312671654 0.982388122930372
-0.647265001967208 0.987912596197758
-0.75343960884653 0.92773888536158
-0.647336945704808 0.936307745956028
-0.591280845734888 0.766370226520286
-0.662776321947004 0.716382494064226
-0.6846857954211 0.69450312559237
-0.637545096519192 0.6372121039951280001
-0.641536398623854 0.692825353561354
-0.57988089117216 0.708400330370478
-0.449856754136206 0.695240308388714
-0.636939648369764 0.60126425679832
-0.677451308666472 0.513734066632452
-0.645370604305236 0.477325465286768
-0.672954361733494 0.484735972939402
-0.718258966560596 0.540076651396266
-0.755080822741184 0.5539028232702540001
-0.860076756151428 0.537282288790346
-0.928440907936748 0.566543003342368
-0.953164798185772 0.700973187434008
-0.857033067316298 0.745151842825652
-0.914536512417038 0.71017557834749
-0.889907626383894 0.6746464537804239999
-0.850694442098352 0.675682788563744
-0.69154481389166 0.831204985189812
-0.674450738203922 0.843724255377298
-0.630118227391558 0.841176674627316
-0.674656178650752 0.871339878007462
-0.75060795422206 0.801405968983382
-0.84286446116998 0.792692663982834
-0.718459667506842 0.86015288525268
-0.872902417496266 0.926980338956686
-0.876413899416296 0.962858037074496
-0.929997350056654 0.91982155382625
-0.993190658275592 0.991049321364168
-0.942868926535766 0.43607846528109
-0.934884516491966 0.595856109445848
-0.943343456808172 0.4238875766396
-0.951115921116954 0.385762475144938
-0.81820157534359 0.256784894157566
-0.824032554321006 0.241328193452828
-0.918258201292836 0.23425355797366
-0.92366448320619 0.120584751069818
-0.765121734591724 -0.126056150126298
-0.752877497930488 0.161700477433252
-0.807692636646188 0.195860622076252
-0.701215166459426 0.137331445299708
-0.68358004916626 0.256898538794786
-0.638487665745656 0.3424941614933740001
-0.631022622636996 0.424549644544976
-0.664582393907282 0.398977655637534
-0.628295949487154 0.475465121434752
-0.629884670316188 0.470006779520776
-0.517793461455868 0.523908441664608
-0.556522642987092 0.587410569930174
-0.519033451340642 0.641170474533536
-0.384466060150632 0.606274360607506
-0.404945335073836 0.529623736408364
-0.40479224054366 0.560223422739758
-0.476700849587424 0.4339660142706540001
-0.522103929669644 0.336011354502296
-0.505099847682332 0.512360716942866
-0.582736544116744 0.388208170136534
-0.603558741325308 0.360468130260924
-0.621422325084648 0.33163351441344
-0.607781678255546 0.314716907830312
-0.585070481330654 0.303878320056888
-0.459375876681588 0.262409276916836
-0.433415036384676 0.244160580096842
-0.57356118018439 0.292579350663618
-0.456539994783952 0.137895307102192
-0.509917345601096 0.218697226242486
-0.340953666409922 0.198505072481234
-0.442460234017326 0.257261671711346
-0.373162339149584 0.288190560083924
-0.249898422160138 0.391708824500306
-0.292467471814 0.213444832346144
-0.162777215783846 0.16739089375706
-0.267438439311198 0.08620437098956000002
-0.28699933424918 0.07537714721419799997
-0.436992757691532 0.144623465437732
-0.38122879312431 0.02924933239316999999
-0.38019201782541 -0.01136451913573
-0.35802858013568 -0.08382904021247799999
-0.285366985614116 -0.10661906055483
-0.271633512932636 -0.103525534786064
-0.354666906108458 -0.01440709969699799999
-0.35334025107014 0.06857842349846799996
-0.287829437892804 0.01347339573012399999
-0.224949043814534 0.01524336869607000001
-0.21804774423039 0.121905066595368
-0.111109993937942 0.132483833996804
-0.112691958953018 0.09929179917056600005
-0.101959239273314 0.04422148924517599995
-0.249179693520618 -0.002246998717192000012
-0.17638972828928 -0.01297178352855599999
-0.27131623740835 -0.087851893663338
-0.03516254249735000002 -0.14596787055301
0.03241275857780799997 -0.13447199628431
-0.003752126825857999984 -0.208075214739924
-0.09776930375852199999 -0.266334077933028
-0.246801330357232 -0.473737044014846
-0.260456741443116 -0.470219311989014
-0.203054209799996 -0.362717447505666
-0.18405182062837 -0.302557869489564
-0.324954248650444 -0.412805453600738
-0.450918148016054 -0.299237994150836
-0.509772317255742 -0.193354266320054
-0.525582716579354 0.05011133805388200005
-0.497349384006742 -0.08906426983376199998
-0.390699341609468 -0.27355594061015
-0.236389042454022 -0.219752510646242
-0.365702431353602 -0.238166520017276
-0.501635701163502 0.01188741298946000002
-0.512305899296098 0.181228033817014
-0.688550078165042 -0.04849996745982199998
-0.747089984708974 0.161747441236744
-0.7463210512634 -0.322438546140882
-0.662595118238868 -0.469569847672046
-0.71864415226441 -0.29246045895501
-0.724185810295952 -0.225225067336682
-0.703940436106148 -0.270435701715962
-0.660423436975304 -0.244472019953874
-0.64299474081164 -0.247950165182328
-0.633495447055202 -0.395065334343848
-0.541075943755486 -0.321613855344064
-0.516394918559304 -0.403641738651154
-0.58816494307861 -0.481898509656032
-0.350771023589546 -0.50000977958553
-0.27199007536843 -0.601555737481246
-0.157283437045888 -0.612267006939402
-0.192023524638276 -0.68919351309966
-0.25762952177675 -0.708757933093588
-0.434293440279688 -0.611654372704986
-0.311365713976028 -0.59142814464468
-0.431209920640666 -0.559295189361692
-0.555065982767878 -0.563019703870182
-0.538140525826318 -0.584343002915542
-0.67372404116845 -0.516610221712202
-0.698812874825118 -0.551021192013762
-0.727871877014578 -0.481912400332238
-0.725630070886402 -0.506145761118338
-0.797007991837806 -0.774505877762338
-0.744929317266182 -0.46176586181939
-0.73509187332126 -0.442962199190148
-0.796570321450276 -0.477964444774186
-0.759948678202904 -0.263887541025824
-0.937028581247212 0.132000355577096
-0.968157844603136 0.207297493334532
-0.987239913077672 0.283963601702808
-0.98570176958372 -0.534651150710252
-0.99467482417574 -0.9603867064977