0.101296837954455 0.102409413132076
0.128686752230249 0.108044493993765
0.116465368828022 0.076250569464756
0.094817480582193 0.033681996182390
0.073601498302818 0.048776632663224
0.075441304163747 0.028989144148766
0.035639261843469 0.084031742570937
0.013458784210244 0.310044505777790
0.014015209867626 0.498159514972083
0.034043305569349 0.521657854561535
0.040209630522975 0.494279247938785
0.068229534695032 0.457921257921458
0.113521524757855 0.351828756906012
0.086826564318885 0.297204013120944
0.067191519340124 0.381292004315784
0.068424949920003 0.266284204212150
0.059218801585594 0.315926258133690
0.052685064288175 0.361946240236026
0.047816777624105 0.303789651162824
0.046875199790520 0.362003532406876
0.020326146865415 0.264605669893606
0.082340125964182 0.117379441446336
0.085604192728924 0.127314034908691
0.084975671062700 0.146475599681249
0.100941001018947 0.227063460846927
0.101296837954455 0.102409413132076