-0.99467482417574 -0.9603867064977
-0.885665459505126 -0.973949184629112
-0.863540930609936 -0.08415748415708400001
-0.7463210512634 -0.322438546140882
-0.863150100159994 -0.4674315915757
-0.716913695315324 -0.585775639668934
-0.67372404116845 -0.516610221712202
-0.703940436106148 -0.270435701715962
-0.509772317255742 -0.193354266320054
-0.92366448320619 0.120584751069818
-0.752877497930488 0.161700477433252
-0.354666906108458 -0.01440709969699799999
-0.35334025107014 0.06857842349846799996
-0.111109993937942 0.132483833996804
-0.203054209799996 -0.362717447505666
-0.273983445611774 -0.72780849120012
-0.260456741443116 -0.470219311989014
-0.431209920640666 -0.559295189361692
-0.538140525826318 -0.584343002915542
-0.390699341609468 -0.27355594061015
-0.691529958365266 -0.668870047511938
-0.734199573162104 -0.792777563348774
-0.751106543350548 -0.94582806525092
-0.34578971254909 -0.906260118776122
-0.201964726299962 -0.966688010826096
-0.05778186445021200001 -0.786343115282404
0.138038320996816 -0.927732001025104
0.4218385282074279999 -0.923953727783614
0.681381683648276 -0.949237663275208
0.644657619132036 -0.96225966697664
0.936468552768448 -0.999880875460748
0.786737092671328 -0.914320322645046
0.299778721900554 -0.89572201198699
0.14690396429361 -0.6941452481291
-0.105303257287156 -0.67711310446128
-0.294766966856442 -0.847608503814604
-0.192023524638276 -0.68919351309966
-0.10201542037633 -0.52898016550065
0.07730636982121799996 -0.488536338083696
-0.0682655959708 -0.444474752733704
-0.03516254249735000002 -0.14596787055301
-0.02109223558618400003 -0.110230665239612
0.1185885766142 0.06605329227915599996
0.07085085896348999998 -0.139205246762934
0.07750062135863199997 -0.18198427333589
0.118855518809918 -0.31147279092645
0.133543732172598 -0.422110062754764
0.102125813766442 -0.395407377460696
0.139594275103692 -0.504879956834428
0.253483771930208 -0.53866299406563
0.380806374075266 -0.638365961442872
0.554174656772136 -0.73006892564244
0.687409683916442 -0.549062066501502
0.5770854677898279999 -0.371154623744616
0.57011414392391 -0.23433703893532
0.554761226081644 -0.210522167948318
0.747238619135338 -0.186375414573762
0.826182188385252 -0.274282252078076
0.946591045682594 -0.384075441110914
0.97721454127562 0.41976842070919
0.961583312582962 0.24917462712581
0.745833079212268 0.08372629949996600004
0.716039824167284 0.08718427135012400003
0.599559603072498 0.09582219044483400005
0.499306862940688 0.0007941746156639999544
0.585065873146554 0.01501463400899199997
0.40782648204259 -0.374807000800412
0.240152990091664 -0.20116232018972
0.202269135602876 -0.30334789273485
0.13404341187982 0.04689686794155199995
0.3305566941064580001 0.161933077109016
0.54227566418344 0.187439136760048
0.5971496839063 0.382470615851912
0.6689078647964200001 0.153354187101756
0.71564804469964 0.112296584580232
0.70723513686435 0.262681459664684
0.959375523943164 0.768549649868416
0.937298834294686 0.98876354935987
0.800591033790536 0.710522738150564
0.8324135187232939999 0.708723137950862
0.787282113818118 0.6176896521904
0.722251815592056 0.552580646962198
0.644731849266558 0.422625214523926
0.613434886379836 0.67313744205662
0.72800956281275 0.82878206569179
0.769159352299366 0.995207891797278
-0.107037100525124 0.93665638376803
-0.561454312671654 0.982388122930372
-0.674450738203922 0.843724255377298
0.144387714166374 0.574773972656006
0.13815023430537 0.662019378348262
0.03290664173332399998 0.842523287908418
0.223774596687302 0.540177944833496
0.432265889566516 0.43032057836201
0.397296309190474 0.32523912905028
0.405691311417936 0.1800652123894839999
0.03285539384598599999 0.156118070313762
-0.06797717281988600001 0.238395159709452
0.04956456788329599995 0.40121048940402
0.205968826639452 0.425197805941662
-0.196950208953092 0.603895155528512
-0.194318030585682 0.539028236427824
-0.201911192947026 0.48373245237569
-0.384466060150632 0.606274360607506
-0.637545096519192 0.6372121039951280001
-0.519033451340642 0.641170474533536
-0.641536398623854 0.692825353561354
-0.75060795422206 0.801405968983382
-0.914536512417038 0.71017557834749
-0.476700849587424 0.4339660142706540001
-0.249898422160138 0.391708824500306
-0.09126652548614200001 0.198816227353558
-0.21804774423039 0.121905066595368
-0.433415036384676 0.244160580096842
-0.442460234017326 0.257261671711346
-0.456539994783952 0.137895307102192
-0.807692636646188 0.195860622076252
-0.585070481330654 0.303878320056888
-0.57356118018439 0.292579350663618
-0.755080822741184 0.5539028232702540001
-0.953164798185772 0.700973187434008
-0.942868926535766 0.43607846528109
-0.943343456808172 0.4238875766396
-0.951115921116954 0.385762475144938
-0.928721476313062 -0.831936514858126
-0.99467482417574 -0.9603867064977