-0.942868926535766 0.43607846528109
-0.7463210512634 -0.322438546140882
-0.431209920640666 -0.559295189361692
-0.716913695315324 -0.585775639668934
-0.691529958365266 -0.668870047511938
-0.885665459505126 -0.973949184629112
-0.751106543350548 -0.94582806525092
0.138038320996816 -0.927732001025104
-0.734199573162104 -0.792777563348774
-0.273983445611774 -0.72780849120012
-0.05778186445021200001 -0.786343115282404
0.554174656772136 -0.73006892564244
0.644657619132036 -0.96225966697664
0.687409683916442 -0.549062066501502
0.681381683648276 -0.949237663275208
0.826182188385252 -0.274282252078076
0.961583312582962 0.24917462712581
0.787282113818118 0.6176896521904
0.71564804469964 0.112296584580232
0.716039824167284 0.08718427135012400003
0.585065873146554 0.01501463400899199997
0.554761226081644 -0.210522167948318
0.5770854677898279999 -0.371154623744616
0.499306862940688 0.0007941746156639999544
0.13404341187982 0.04689686794155199995
0.3305566941064580001 0.161933077109016
0.432265889566516 0.43032057836201
0.644731849266558 0.422625214523926
0.800591033790536 0.710522738150564
0.72800956281275 0.82878206569179
0.769159352299366 0.995207891797278
-0.561454312671654 0.982388122930372
-0.107037100525124 0.93665638376803
-0.674450738203922 0.843724255377298
-0.75060795422206 0.801405968983382
-0.384466060150632 0.606274360607506
0.03290664173332399998 0.842523287908418
0.38488836930361 0.712843212165332
0.613434886379836 0.67313744205662
0.168961814217718 0.635934032330258
0.13815023430537 0.662019378348262
-0.201911192947026 0.48373245237569
0.205968826639452 0.425197805941662
-0.06797717281988600001 0.238395159709452
-0.249898422160138 0.391708824500306
-0.194318030585682 0.539028236427824
-0.442460234017326 0.257261671711346
0.03285539384598599999 0.156118070313762
-0.111109993937942 0.132483833996804
-0.35334025107014 0.06857842349846799996
0.07750062135863199997 -0.18198427333589
0.240152990091664 -0.20116232018972
0.202269135602876 -0.30334789273485
0.118855518809918 -0.31147279092645
-0.203054209799996 -0.362717447505666
-0.703940436106148 -0.270435701715962
-0.476700849587424 0.4339660142706540001
-0.755080822741184 0.5539028232702540001
-0.637545096519192 0.6372121039951280001
-0.942868926535766 0.43607846528109