-0.997357222133948 -0.223767176520204
-0.953418069904864 -0.238536818500626
-0.746425931747736 -0.320316900037144
-0.744907567478906 -0.320817414122082
-0.74181460684832 -0.326220218215008
-0.709390374230868 -0.341475166510314
-0.694092291293942 -0.344465180576996
-0.71987353974016 -0.362958971783732
-0.689853757999304 -0.36530453167055
-0.609053814747164 -0.379130323855966
-0.613016267039588 -0.388955123932778
-0.369566280712404 -0.32713937888138
-0.599348861362948 -0.401001234259922
-0.595886842363228 -0.401871658728632
-0.607841192125502 -0.415601187317214
-0.687461154913744 -0.452644385491798
-0.623692193038852 -0.432975571047504
-0.638446233707222 -0.4401863465622
-0.58575106366689 -0.423595811961496
-0.664984876977972 -0.458758077710522
-0.686896300816162 -0.472334134059416
-0.633393064261598 -0.456615752491222
-0.565298524599196 -0.428955321196214
-0.64838747663814 -0.471110197963942
-0.34080245940867 -0.328534925305766
-0.539603560482898 -0.458069681490572
-0.561591515841006 -0.490662973951858
-0.505274844212818 -0.464120350062904
-0.512460491975052 -0.47215123092041
-0.51583793474866 -0.496357680325796
-0.673398989944672 -0.699509270873158
-0.652124988888216 -0.690495954507728
-0.687053180299492 -0.735457848459696
-0.644217837407122 -0.69900876842975
-0.669003117209768 -0.734451329415642
-0.646061947637266 -0.70717025179517
-0.668516121941394 -0.743835172613074
-0.646415096630302 -0.722650834637532
-0.34527175936162 -0.347730456693206
-0.659487871527434 -0.749949829914816
-0.334368364691906 -0.334817922626304
-0.634168604742348 -0.729246730964746
-0.617025017268968 -0.739867701976266
-0.49875268046104 -0.575402917637444
-0.568129092020974 -0.68861025557323
-0.581674609924282 -0.713244141586238
-0.597617089211762 -0.74846543653913
-0.49724241753446 -0.59501601215802
-0.470628793541402 -0.564757739252996
-0.470357308325058 -0.568515225345508
-0.481686773148452 -0.5958634555728
-0.48082365091812 -0.595403413041682
-0.350252350460622 -0.3712988249009
-0.482098311002878 -0.622406682231188
-0.47057854589451 -0.607232179164296
-0.45203352961784 -0.596054225418974
-0.459437544147688 -0.620311676958954
-0.428999454361154 -0.678727157118836
-0.426664099645178 -0.686354064556702
-0.401138885482744 -0.643458242274802
-0.407221619462232 -0.678576484027354
-0.401740353072174 -0.665749409225886
-0.39455981867833 -0.64132121564067
-0.322775546466128 -0.334529823488336
-0.393255000855194 -0.68066666263303
-0.377725411498792 -0.648703829774728
-0.374683949572352 -0.632163861187716
-0.371638253125892 -0.643719755354672
-0.351244443987378 -0.633335158669314
-0.35075997973362 -0.836468521487652
-0.335074662503356 -0.63793942201903
-0.332688319215174 -0.839293323236888
-0.332253811599106 -0.852249689855264
-0.32101812845609 -0.6830413604018
-0.321024091627228 -0.864893892193164
-0.319139414586424 -0.82358934201118
-0.317731231890028 -0.372707850211396
-0.317100635004276 -0.37315123915237
-0.304717566959894 -0.85086154465138
-0.300798093603598 -0.86600852675783
-0.294484501026796 -0.850055546517276
-0.281655368235268 -0.8581054961463
-0.278820578458868 -0.845279153597206
-0.304777461740784 -0.46067098994887
-0.315231228539596 -0.346743486604766
-0.267656880497306 -0.846524939538922
-0.284181213080502 -0.650952976994894
-0.300331168947896 -0.475908124691764
-0.252531081613866 -0.833107618450004
-0.31451227169694 -0.342763161213492
-0.296278957735644 -0.476669987070686
-0.266988842756016 -0.649127616063518
-0.239084048395318 -0.790003590653652
-0.23430752968849 -0.807676254245534
-0.26194496852087 -0.644517852817438
-0.233600936473162 -0.80863000146748
-0.237678262981436 -0.77749256255454
-0.254837458780892 -0.635143998840426
-0.214160620509256 -0.810085558738832
-0.201364848390858 -0.760035691554674
-0.191880578526474 -0.78408458341569
-0.238341220532702 -0.56104536194403
-0.275037502299546 -0.447229954884262
-0.26455171287621 -0.461690281208926
-0.26034878643013 -0.469775279853388
-0.236444777802772 -0.530130540296728
-0.230316246937874 -0.525268925802208
-0.082634219589008 -0.851462541573664
-0.07506663166571800002 -0.86699239210784
-0.09334609027409200002 -0.815916109598902
-0.06628372194421600002 -0.87167637474913
-0.06712360205926200002 -0.867318408909402
-0.08067249414426000002 -0.817626527163724
-0.184942236518228 -0.588516792498304
0.004437050900625999993 -0.978246896284748
-0.201243018039382 -0.55445707798561
-0.181977916622756 -0.593683699218642
-0.184962222205924 -0.584914526767058
-0.214161851252038 -0.523501722240356
-0.216919590063356 -0.516480918282866
-0.176401449274924 -0.595625343835272
-0.167299101177976 -0.605412796887296
-0.194822995199274 -0.551652366435924
-0.157943877523274 -0.62185394603729
-0.195464004911698 -0.547431045670496
-0.168161539904848 -0.598828473581852
-0.21382080977262 -0.508796260259718
0.05062042371166000003 -0.98457606822931
-0.05652326284047400003 -0.78290101578827
-0.05296438373181200002 -0.789162336226628
0.06160025938837799999 -0.993663805213834
0.05653167256691200003 -0.965004214709626
-0.05124249591084399999 -0.752565268777574
-0.03835311004116799999 -0.770696533737098
-0.142295049336876 -0.600720813835842
-0.171947548711648 -0.547202458656254
-0.152969157685512 -0.577090483049206
-0.009534908812276000022 -0.797876915567498
-0.019769093118268 -0.781288575482922
-0.02890716241272400002 -0.766874745583336
-0.130703154692056 -0.602366910858484
-0.167190068217316 -0.544022435604838
-0.002524419397825999976 -0.79321005878421
-0.01554039074831599999 -0.772723601384892
-0.137090610171244 -0.575035841995866
-0.008854481104693999981 -0.757484726320246
0.14678693726742 -0.937231969291918
0.144829990671636 -0.925096728163816
0.132034526122518 -0.886675313644426
0.14380176145062 -0.897994074399114
-0.154174505717436 -0.519730105073996
-0.127298591775958 -0.550900478347158
0.140021704377152 -0.87512812417123
0.16514166763641 -0.902314037475648
0.1785462299552959999 -0.905866517757934
0.17741116851797 -0.901360586676216
0.193857177454678 -0.858686388899194
0.199573221884004 -0.834100287097552
0.230194332156188 -0.847644836454486
-0.124479349527732 -0.498348391468566
0.330609273697766 -0.923971776116626
0.240753790650402 -0.83011722134781
0.225109351234328 -0.812955019850262
0.244790645313818 -0.82996281379832
0.328348226910852 -0.9025408922299
0.316123529892006 -0.883317640113326
0.320818421784006 -0.882616135877378
-0.04721137740868599998 -0.55475600144931
0.182443406081266 -0.742720914448248
0.187970666098628 -0.747396474237272
0.150684499339286 -0.70755351912
0.16433170931499 -0.714562073013308
0.2577347866353739999 -0.788852657238652
0.150975194160582 -0.696423517195006
0.158676959619008 -0.700276608904952
0.134205950370154 -0.680009314117492
0.145667620303886 -0.688742869650592
-0.03214808650997000002 -0.544376618831594
0.186464908736044 -0.718062834944838
0.13903058774957 -0.677611876536446
0.278990232457402 -0.778903765064386
0.212793165975154 -0.726802718960356
0.307264222091652 -0.799727526429216
0.18544026190552 -0.701398114651162
0.232237607960002 -0.73687558559439
0.293896256588118 -0.783776950834448
0.1378193023034 -0.663986760238878
0.209781270804714 -0.716394464149556
0.207984477611252 -0.71415175734514
0.129550418556692 -0.65082422694579
0.26841460760027 -0.754293237669298
0.178288365651754 -0.685465141140374
-0.09440714352271000002 -0.48083784538011
0.264345467009976 -0.747419423131468
0.181124673891404 -0.685269908367316
0.247975857781934 -0.72930647693775
0.077148591145942 -0.59610091343457
0.07596156313128799996 -0.594719947767314
0.07852059065062600004 -0.594938060109242
0.151368490781806 -0.63729238926889
0.297780441346244 -0.73250190688763
-0.03785018601354600001 -0.503661858705414
-0.004339009088854000012 -0.52558692490593
0.290928022780422 -0.71791267041369
0.287374673981626 -0.714171630139076
0.06389885011659800001 -0.565061281116242
0.07963591925433599996 -0.57356753125138
-0.01253734293861200001 -0.507191624612172
0.184151309075138 -0.629976181257506
-0.08509011783059200002 -0.460514176705858
-0.07890000899387599999 -0.463908297313102
-0.09609683039998400002 -0.451185066550358
0.303309523438014 -0.696316745398248
-0.010322010149398 -0.503273617885202
-0.01060190386981799999 -0.50170874872208
0.30325752085925 -0.691687109794788
0.418197764220274 -0.7438302493218
0.535419046167712 -0.803246254708266
0.421293900631738 -0.734730680029482
0.41196710894558 -0.725340518652388
0.555959143527298 -0.802808152274372
0.3964584163140779999 -0.709042513985906
0.398850742651314 -0.70917186785218
0.391913884589176 -0.700325132731966
0.533743732740984 -0.776007811143532
0.4838475692883819999 -0.748639162571002
0.517421374309306 -0.763620954508018
0.528162011977128 -0.757353637167184
0.476778048720108 -0.729702156900756
0.49666930787343 -0.733829846336194
0.2874260684067500001 -0.621437481195404
0.4652395272698440001 -0.70490999613768
0.298729209630392 -0.618605220483666
0.48020352716218 -0.705699686115002
0.485844043979116 -0.707826719570592
0.446280325708808 -0.687622227356826
0.45756799236758 -0.692606197206818
0.271206994347138 -0.600124643201764
0.579365837773944 -0.749228122381832
0.567061775744456 -0.741899058131686
0.272332281699558 -0.597081845642338
0.310517195873204 -0.60592454735
0.568400663908524 -0.718660864877124
0.254919444009392 -0.572179146493868
0.46532678873177 -0.666893773702622
0.46453820321571 -0.663363124028948
0.22208414077041 -0.554523327384154
0.4393617434261179999 -0.638867790176938
0.30743889033093 -0.576780202630572
0.19745216556939 -0.528426934949088
0.447892308734772 -0.627438740165642
0.2486258062411219999 -0.540176371596836
0.48647979771438 -0.633142198061404
0.188978410122906 -0.513244440174076
0.45730695728902 -0.614184670698216
0.202169575589788 -0.509349388482212
0.494043012205066 -0.618630385954692
0.49668167403279 -0.61673180249251
0.247245448029016 -0.516562294542818
0.439250919997808 -0.578190030420986
0.48904583818002 -0.568473858586966
0.41450057148561 -0.501668224664948
0.627012318990664 -0.543641091752164
0.647983522019574 -0.540818629019576
0.683341601075764 -0.546318258005808
0.679705448474132 -0.54093225939592
0.666981438281704 -0.521410030759364
0.638893571921574 -0.510824324888328
0.655723201328992 -0.509852307416662
0.639944418369534 -0.501275463001232
0.686510256432932 -0.500291722302926
0.601857530262488 -0.468186459722084
0.601744069270438 -0.466780670728432
0.618145501790868 -0.457934194370376
0.181510557767008 -0.374479839112368
0.713187975762732 -0.43187330022658
0.153999088141834 -0.365010536358464
0.911179957229728 -0.431026535658644
0.747120928221672 -0.414549433324508
0.7238080744451420001 -0.411068073490666
0.876552597183758 -0.42444732676933
0.741215504468984 -0.410990334598342
0.181600810607942 -0.355754433569152
0.909241724193208 -0.414208785736332
0.126974030195024 -0.350296305219082
0.892949986570958 -0.411121537634694
0.889722515952178 -0.41025277997146
0.730881505316766 -0.382907717841634
0.908047247518808 -0.383809592200588
0.898964089905594 -0.380203295908962
0.910882648621166 -0.380075275696616
0.573043902555036 -0.358424057739752
0.125531417667182 -0.335221720637158
0.169703309503246 -0.336927603214014
0.782815284954996 -0.362075057253044
0.769843173833724 -0.35481257645521
0.58358223844952 -0.346776241394354
0.177957943723518 -0.33132681298015
0.139191466302932 -0.329429588754162
0.80705487634733 -0.35134908253157
0.603684791266538 -0.340775564879074
0.772245371986528 -0.339460518543822
0.142944000436898 -0.322124147501134
0.139025271847624 -0.31861349646636
0.596445572083558 -0.317439299399238
0.57334311408845 -0.317195600133714
0.580522445446356 -0.316527404882492
0.768322865865576 -0.314223021968138
0.595906649062366 -0.313858455920758
0.5688074733800299999 -0.31296567720732
0.35015352892813 -0.310670582373008
0.237831272877674 -0.308820721837142
-0.017939215708962 -0.311088725021616
0.226682216034588 -0.30869492390598
0.3518308713284 -0.304863647117682
0.04475663429813199999 -0.299791502294732
0.20726641690464 -0.290677901638288
0.199564024404186 -0.288279657619204
0.237935743580076 -0.283654837826572
-0.008903741957109999989 -0.296889503915742
0.000935754506353999975 -0.295090204009362
0.06021813559239599998 -0.29024466993415
-0.04738734120497799999 -0.293863804332848
0.058134196993492 -0.285598119475458
-0.048195246513092 -0.293044753072572
0.01086867554619400003 -0.288034891319944
0.05529230567872999997 -0.284387463545142
-0.005583325461756000012 -0.28863244304719
0.04845111205286799997 -0.283708162272214
0.04191125468556399999 -0.283595288304424
0.493714980719944 -0.24218852343256
0.32745534301617 -0.255586721471318
0.447789849165264 -0.235467587183448
0.915531383351438 -0.186167190869416
0.906620651410948 -0.18701221229253
0.198514219465904 -0.259972573873808
0.485214481559914 -0.229553397909996
0.498203061025452 -0.227808970511104
0.219986419092158 -0.256530911257272
0.01176496287191600002 -0.27802581032879
0.03046360336847799997 -0.273305359394664
-0.012999531848124 -0.277989340813592
0.798678229818436 -0.181981333034104
0.25173064236959 -0.244927655291942
0.022399291784922 -0.272318291837498
0.30178946887692 -0.235504302276766
0.4937938083283579999 -0.20670974357366
0.924614792276228 -0.149182985256976
-0.02152583277622599999 -0.273838309436728
0.907600995895966 -0.147491404156896
0.450371288089254 -0.209094840606718
0.44207079883412 -0.208215962610308
-0.03746508159673000001 -0.274297655513184
0.469557080461904 -0.202032467153404
0.9244813582275440001 -0.13673479794489
0.78847258970536 -0.146992690347598
0.140335893673048 -0.244032909974472
0.2616459910695659999 -0.224491692107166
0.7674570583994300001 -0.146292195694424
0.885708303428584 -0.120946412060152
0.777691550682156 -0.137058471131398
0.03426948767587 -0.256580344404364
0.2829837357720759999 -0.216009630776714
0.1385960010875 -0.238917831384538
0.25593041672531 -0.217525546220144
0.1479074716150799999 -0.235632820950418
0.13916700846244 -0.232239169351402
0.89111885883199 -0.09765628409695600003
0.268608974825408 -0.206289143135672
-0.0348603408946 -0.260875163779536
0.261615751578526 -0.203891714955164
0.907164041637286 -0.081241071553082
-0.04240431041918000003 -0.261209880851074
0.34223437601688 -0.186504932643848
0.915483696841628 -0.07202759047948200001
0.325648702367046 -0.177975173162052
0.32599845756241 -0.176036423939996
0.3591021337996239999 -0.1678463974294
0.403063773772708 -0.154868078461088
0.369817778378408 -0.16166435527227
0.343130055218064 -0.164487396938254
0.322935777139122 -0.162876356992812
0.321119193428252 -0.163288283354272
0.348554904269314 -0.149965986708396
0.392234507752458 -0.136068905621566
0.371387996796466 -0.139080713480516
0.130006685011324 -0.198516722308014
0.342534132374 -0.141337922287098
0.40398939848714 -0.125149967701942
0.178078040447122 -0.183908090721308
0.344193748969908 -0.137814230495278
0.604308117607984 -0.05835655148064599999
0.613881662773844 -0.05314474933694400002
0.590433617950386 -0.05529376852456199999
0.373115829569574 -0.116207629758262
0.149862796254392 -0.179079306016946
0.544126837709512 -0.06113991129614400002
0.586034242103824 -0.03618044355473599999
0.35167278354134 -0.106801288019308
0.3377938782040939999 -0.1106571267525
0.186932086187616 -0.157359954828796
0.364269642852838 -0.09858119591305999999
0.323597268584928 -0.103534018348918
0.177277018718784 -0.143842345403434
0.127409067733636 -0.15879385407725
0.560521232603594 -0.005523379283502000007
0.312839920778218 -0.08954022424390600002
0.33630729624946 -0.07770061036697600002
0.144681416053642 -0.146792021590188
0.142398105709534 -0.146633579493096
0.143488094888622 -0.144606797382984
0.1338348860486100001 -0.146632899598514
0.357962572211616 -0.06323199058567799998
0.51383761695532 -0.001721763751339999997
0.129803427380884 -0.134986124850104
0.81008664326397 0.191603932851742
-0.143732113394062 -0.235120129182526
0.2376769769704800001 -0.05954568480818800001
0.344781405482106 0.002534238622771999949
0.3537015766970359999 0.007227893776600000011
0.220820382107432 -0.05606011955815400001
0.21919102261038 -0.05573047868941400002
0.350981345563652 0.01000093820504799997
0.769700692539196 0.2141544847233
0.77277136758099 0.21600462832302
0.757358054255534 0.213808784011662
0.785036803355924 0.233848669907938
0.719211071366076 0.207214220348846
0.718229424397336 0.208424036720966
0.363229730015494 0.03267764700352199995
0.31938061511348 0.01039026212430999995
-0.130940243546358 -0.217983336376716
0.693382385684356 0.206554673737406
0.726182245580098 0.223705877770532
0.3210740602848 0.01543294496505199999
0.74887612945115 0.235851150814374
0.242486304716434 -0.02228381648766000002
0.336871193267578 0.02760080968267400003
0.706363497136098 0.23050346518541
-0.172976235794126 -0.23595555725552
0.718850304387208 0.244498301120242
0.216637112825008 -0.02589409130201400001
-0.145637261167 -0.220816502450414
0.69883791602279 0.23539554559877
0.3340685461399 0.03867307720411200002
-0.09089464858565200002 -0.187033136025786
0.476312937262148 0.13252042301233
0.344383126430624 0.06220729986657799998
-0.147906424342844 -0.2145653583119
0.321349275069706 0.05953994041054600005
0.447249013207504 0.13392654501201
0.204907431275308 -0.001284305967290000014
0.444020536673032 0.144286100557906
0.44685581521916 0.146594208180482
-0.18207333973007 -0.231424749179942
-0.09948709501162600002 -0.179819662498692
0.461872629250574 0.1646244664337140001
0.008118342611994000036 -0.112287726800324
0.488110581843932 0.186263780923916
0.04404082453997800004 -0.07650291649694599999
-0.07058511735898600001 -0.15055549693087
0.186980454309136 0.02714924655256199999
-0.08858604401516999999 -0.158231938535222
0.182510783195034 0.02855630185387799996
-0.110658623242358 -0.166300432979502
-0.107799960757978 -0.163612726890068
0.311105847416262 0.138637650065886
0.307302755563196 0.136558805394014
-0.08352330380399799998 -0.143487336413696
0.29960217547468 0.136636503453662
-0.05597993408142600002 -0.12205348809811
0.181352384036338 0.05194880597500600001
-0.184875490055362 -0.21606855101584
-0.01828229038197600002 -0.09231299096360400002
0.719692361497876 0.453067552945842
0.279902177265566 0.128358350340676
-0.05559262426364800001 -0.119110365599212
0.781393031982656 0.50246969636761
0.273224447719158 0.128071645276188
-0.09252919677180599999 -0.145128195387138
0.71487516253366 0.459347137987776
0.70115217043257 0.44950749676186
0.698386336769158 0.455306035765822
0.70614809226531 0.461899959901068
0.308358012289208 0.161025869909686
0.268432647143924 0.136022968688524
0.769401272011176 0.522764566219536
0.804701567944 0.55415058906849
0.594954501095906 0.392164690573544
-0.06538265603146599999 -0.117844783057386
0.290789946321534 0.159716203533912
0.773006481915016 0.539263454866252
0.8013637160132 0.56272597945655
-0.08516330703751399998 -0.131321511932798
0.80072806344285 0.578141785612396
0.594315277165414 0.417332225411586
0.766970050529098 0.55639389477153
0.56716852661556 0.396516634801644
0.60846813359925 0.4309329838985260001
0.60429996539224 0.427608835389888
0.462766398105428 0.31434866404829
0.252631705110022 0.145484448303694
0.800772076874632 0.596979228300964
0.8066380829814060001 0.606270266135116
0.76008803665642 0.570337054672576
0.5849880313430860001 0.427105990059024
0.754921230344298 0.57981179303248
0.801134187490044 0.620185371224156
0.251009711035764 0.166064150184888
-0.03132021870991199999 -0.07119976642248200001
-0.13709930549357 -0.16045054675683
0.4657846921604520001 0.3517712822541459999
0.06212931740429599998 0.009616809086696000023
0.758363604695008 0.60516539261684
-0.134885742537392 -0.157319479724308
-0.09811894021025800001 -0.125440963398638
0.756036145760928 0.607931489349776
-0.019305165196678 -0.05691464754376399999
-0.01295830141192200001 -0.05069031059424800002
-0.05367428634370399997 -0.08329190428289200002
0.430745098445678 0.340734753945486
0.463182741904484 0.3715766991647319999
-0.01343428376174199998 -0.03696479009788799998
0.404179802789204 0.343952540206468
-0.06770770816607800001 -0.08076585134526999998
0.38511887661769 0.340695325996818
0.04472860771684400005 0.02489677186235600003
0.182020326375272 0.155636110793862
-0.022613825083298 -0.03330696730795599999
-0.09173442971856999998 -0.09821662820676199998
0.152047750116116 0.136020720446724
-0.001181614818601999981 -0.009948278694622000016
-0.10794277016909 -0.112233109213288
0.05873841192630999998 0.04787654178700200003
0.01384419017184799995 0.005158034999695999953
-0.179308987859082 -0.179596562022156
0.38592161922642 0.368928736422178
-0.065513579612836 -0.064902250510594
-0.104002387806076 -0.100128052162532
0.008408945639808000009 0.01333186249287399996
-0.09512068254180199999 -0.08978298665712799997
-0.05890618866956999998 -0.053228423984594
-0.05312341820826999998 -0.04645386893370000001
0.147200550050336 0.15755453884837
0.01740475052148400005 0.03334769648888599996
-0.09671360931089800002 -0.08281600138652800002
0.007339945794008000037 0.02731074530855400005
0.136346021264952 0.1634918762608400001
-0.147624944172624 -0.134355081075036
0.138009779394144 0.173019450354864
0.4941988766341 0.582283039324584
0.468445400372588 0.563852872903856
0.485379348182064 0.583111458700434
-0.1574687503022 -0.130937277138436
0.467257017720144 0.581749301412724
0.470398493039142 0.586362842423312
-0.157111828375892 -0.128600515135844
0.247216632821232 0.346500631437638
0.2141485942826359999 0.314012153947964
0.463281480083606 0.614083660062908
0.464038048708596 0.620069350637528
0.448436010226578 0.603753356544186
0.204375406967884 0.31292811629848
0.451910041570388 0.614700494678552
0.447912300999934 0.61106851367446
0.246717962376642 0.374330486228844
-0.12200440827152 -0.07100072130956800001
0.208456699804382 0.356825232293608
0.189301855542838 0.344270092770118
0.163312904234422 0.401025176467852
0.182272958945144 0.434433990680582
0.13713258729532 0.377554431209598
0.287833614001438 0.627920883301608
0.04825476471952000002 0.261999337008222
0.05888643913035600003 0.282011787887668
0.03576948329493000005 0.255681200770512
0.259866195939186 0.64083585420313
0.244643941984812 0.62824535460246
0.260029555477682 0.658500025093556
0.246153349084152 0.645013080686336
0.172816695784134 0.524374747718394
0.119262525023316 0.440838495300076
0.2604113942992 0.686177651979344
0.229220348371528 0.634124775537814
0.235078460326222 0.645681864475218
0.231218051738672 0.640315082949966
0.230869219920538 0.643051210537344
0.176738471689978 0.551354174409692
0.03403657391156799999 0.305882514305824
0.007997336131752000006 0.260166994417164
0.124159515602122 0.471349469052558
0.01528114992090599995 0.282816738429394
0.01320265670688999999 0.280129265985512
0.004619049870929999957 0.265190818761564
0.165484728456002 0.560299686649954
0.21081018163744 0.644080184379862
0.139477737109166 0.515327563050822
0.01043821027755599995 0.283099534674826
0.092169171358538 0.449343094491326
0.147358988858694 0.557010932095354
-0.01309151217601800001 0.265088558436878
0.108837352097658 0.502168553125658
-0.01965274825675999997 0.260256505314148
0.115251914360678 0.521270978652766
0.123864974796942 0.539040752268182
0.108825944036398 0.520014060932452
-0.259486307947424 -0.197261446101946
0.100673979136942 0.521195213640432
-0.01419126379848000002 0.295878055148468
0.240087004839484 0.813882783492506
0.2422660806587739999 0.819185471543662
0.087061027309188 0.505948703651526
-0.03480519390888800002 0.26095980863248
0.09081086651576200002 0.517584933878428
-0.03977217783209599999 0.25378236672435
0.242673107012022 0.838386029249936
0.237643926311352 0.841565662833892
-0.02055966147829800002 0.309823007496224
0.07500497747096400002 0.514618222899558
0.05691168154329599997 0.478440443305736
0.04141374766659599996 0.450311549886974
0.05358266620481600003 0.476291544200522
0.06071427851483000003 0.493069784188676
0.2288061897753760001 0.854357486552026
-0.05316334255186999999 0.2588963976054900001
0.08190514637129599998 0.56230820316696
0.206712694352824 0.839441701695064
-0.062374313973064 0.251551451831614
0.204780571665512 0.8476324671519139999
-0.274248608370194 -0.214528615220696
0.1996358008529700001 0.857558855400448
-0.284684317697392 -0.237511583132442
0.200378272775736 0.86682003727384
0.02873487885400400005 0.497999786136438
-0.06757021992470600003 0.27684712096902
0.02383075026973599997 0.497826270176016
0.01129726044544800004 0.479452942546668
0.04823004651615799996 0.621333625253212
-0.086573514778434 0.287723558652318
-0.251727877418384 -0.139643925190738
-0.07694914777621200002 0.3266924246629659999
-0.07118521168417600001 0.35454597494893
-0.08659196285255800002 0.317998982677468
-0.06897835425053600001 0.3745595505168
-0.102107451228474 0.283943886593424
-0.11138952461718 0.261076190106606
-0.09059730621664599997 0.320473283009126
-0.08073102907777400002 0.3536944169510139999
-0.09176494438632599998 0.32365453866597
-0.01576913111064000002 0.544712496040022
-0.28675274779636 -0.22391502942141
-0.253610665009408 -0.124787208071112
-0.264940455068108 -0.15758554103439
0.04645486897041800004 0.761345651006022
-0.272958182100188 -0.179530203571558
0.04834570382877600005 0.794014222474776
-0.03819597165016199998 0.537047748151024
0.05557808171984599996 0.843993548318508
-0.112600275571504 0.331883468063028
0.02849844745523199998 0.780983707590952
0.04592226607884400001 0.852315856424308
-0.290230248083934 -0.22401448582486
0.03487924036913600003 0.822735335187864
0.02767939785387400005 0.802252595191706
0.02799075133073600002 0.804056849908808
0.03916520860007199998 0.847586332632968
0.02942192558754400003 0.817338333729346
-0.250005522801078 -0.083367635098224
-0.117491739769462 0.366420103727802
-0.269328250005762 -0.147080761070634
0.009249681000016000054 0.820406932794912
0.006862543351884000048 0.848393680631832
0.0009782279671540000318 0.856686273901344
-0.187503678200302 0.1773301298333479999
-0.188456765085438 0.183728867441522
-0.300097649736608 -0.244022610361698
-0.288998442661948 -0.19528746977811
-0.198194864443826 0.18552717435431
-0.19546488006388 0.19822177035302
-0.08880995264687199998 0.70379007410551
-0.264644691785632 -0.06934751177641999999
-0.09012193693901599998 0.732182911123234
-0.213287537289218 0.1743861424559199999
-0.21945533035647 0.160001965197736
-0.205266180223676 0.238414457702736
-0.212867976236328 0.204814309116832
-0.126427371754044 0.63485356889309
-0.21250067364308 0.219958584246904
-0.228069132998618 0.151866260375532
-0.164147063555032 0.483597672711404
-0.219170497133942 0.2225214886292920001
-0.275628533226264 -0.07818935951948600001
-0.177638717776928 0.47425373834523
-0.144200626536832 0.681332347969912
-0.238546732720476 0.143904208301754
-0.182480091517782 0.488959630189444
-0.155411378640174 0.654445873383408
-0.15850953020086 0.675081719638584
-0.166970685900642 0.630234834012918
-0.295719989829566 -0.171952604920116
-0.24250673222938 0.163731405936988
-0.24587769084418 0.147394260489332
-0.290373751068428 -0.131613112261572
-0.250324948196218 0.130910129842074
-0.131968498407848 0.9280696068264399999
-0.174648514215206 0.64854522693718
-0.179824098766466 0.65777403373866
-0.179749898637994 0.6630675897354120001
-0.239810533613112 0.244646711039658
-0.216075964081602 0.4296437764096279999
-0.195312904401362 0.582585286358412
-0.22136965750664 0.41479790797564
-0.222271623717282 0.40935286872408
-0.187431104452084 0.675582483521702
-0.155404649165182 0.931185953170614
-0.204559561658912 0.574423972319078
-0.16117864796481 0.91444631190479
-0.164805983386378 0.913924471173168
-0.300993264443704 -0.17499792287126
-0.261720203043298 0.14511361692921
-0.26251579437522 0.13942862820785
-0.208541034032144 0.594466031572998
-0.236818473692666 0.37851867880254
-0.304157756381508 -0.193026401978232
-0.190417904728286 0.82884413706085
-0.235087642672046 0.430356132008766
-0.217511252223054 0.588410423789598
-0.298382813133478 -0.128562170344434
-0.217974926184618 0.623465812153168
-0.243102595876252 0.401949548611626
-0.29236978498165 -0.06405272826741200001
-0.302312648995926 -0.15765873798293
-0.19491457983149 0.918290963358382
-0.20091526318617 0.87563941409492
-0.20271895876048 0.881663039155148
-0.21652168374463 0.750875950616726
-0.205867046178722 0.897451014530356
-0.21128257827893 0.869800572717702
-0.220257730325804 0.7819435573622780001
-0.212028747523216 0.881012839879148
-0.210096133854284 0.9205332370978
-0.220062428809498 0.809071188063394
-0.305404904702634 -0.165510702693374
-0.223827757511208 0.793120306558264
-0.214925864433136 0.909020985085062
-0.22020904762098 0.847001531410264
-0.214755107312116 0.934593910728392
-0.225378007354624 0.849037361639336
-0.280593382034262 0.15864508952766
-0.22051039377484 0.913059059664634
-0.229711594487174 0.828124694387952
-0.231259425045578 0.877455456707372
-0.2338648426737 0.868514426922666
-0.235550444711954 0.877307269228532
-0.236597166710578 0.868911355963866
-0.242681120460704 0.801914391015616
-0.242710832444816 0.82272973386465
-0.246908984320196 0.772292640448916
-0.289390725567654 0.151665689174164
-0.25099302933132 0.81275047533575
-0.251313316083426 0.840267879726722
-0.2512158323085 0.880685389219172
-0.251497582300332 0.90296998539845
-0.253128233308964 0.885034203330304
-0.306901694040002 -0.09912859315477800002
-0.262339164304938 0.9351188897551580001
-0.266757000391026 0.879669946154892
-0.27930175267011 0.917242436311088
-0.284888651587482 0.848950967093208
-0.30729868999091 0.126681685593996
-0.290419526125966 0.819942646954414
-0.291409568181918 0.87289746242361
-0.290857527598672 0.915929547704724
-0.308952963327268 0.126409310935488
-0.29596214563165 0.89057388433864
-0.311886158626008 0.15564244559181
-0.303950659082714 0.851328947017356
-0.30499839619384 0.835503514342944
-0.306573907463612 0.8771051247614
-0.308328215700262 0.8169744988283959999
-0.313739736652346 0.76042348944369
-0.325010009697876 0.388322755409554
-0.328840366514092 0.778907021986742
-0.32632383338121 0.371294535112704
-0.321020720559648 -0.15962319325056
-0.337951606326016 0.752450356348394
-0.347711256226856 0.769811281099594
-0.326871283795624 -0.06535786565060600002
-0.344668251186222 0.416323205795522
-0.35973592034878 0.78223316381673
-0.343878473111604 0.351651392662502
-0.327472511976944 -0.093375560143438
-0.348620498773466 0.412072364869328
-0.368859968232624 0.77605075224468
-0.369853742127238 0.757336215090396
-0.372797393413632 0.810378017252254
-0.372070300013092 0.77262522077543
-0.35088413047529 0.314834322374004
-0.32853747558712 -0.118571471012464
-0.342019097544028 0.122891387551972
-0.361138264147396 0.377377329540848
-0.346140258379112 0.11230510364976
-0.361621419427274 0.321449805171672
-0.345821806128752 0.08167913926610599997
-0.37323650001699 0.43699888058449
-0.352238547279144 0.090514827037936
-0.376160686341422 0.357786861065676
-0.341734455446356 -0.06894376885911600002
-0.438871989318342 0.858381354387794
-0.392893958292154 0.374375845014292
-0.342658262568366 -0.09024274496023599999
-0.382291382385786 0.27056402516112
-0.455971249154988 0.8601922450983859999
-0.462079848989182 0.86675288428867
-0.397623686479696 0.331394562128184
-0.464719270281362 0.854615917099694
-0.400949503743764 0.343017159451506
-0.400377908296826 0.32607300862487
-0.441624103901732 0.5971858813006839999
-0.445872042157394 0.611987483856262
-0.35147653178497 -0.07734292859786399998
-0.412539826112352 0.352372669837146
-0.43983058648991 0.532779838264818
-0.441670635047682 0.535122853720152
-0.445174217285902 0.550763642351732
-0.444300993639884 0.536848969018016
-0.488630400325 0.8312549461639739999
-0.489388232405478 0.836110249376442
-0.34361290511145 -0.146799416989926
-0.44885039228194 0.542138632202818
-0.454844000670054 0.577883741039728
-0.340684096138312 -0.171255126849866
-0.4185857924079 0.3136171474767
-0.41328194244452 0.2786465638625180001
-0.461392633977296 0.544707947198632
-0.456959763725502 0.512124136241444
-0.465065958165828 0.552927342384554
-0.475247386627712 0.60781003371012
-0.47414182847093 0.596058300537318
-0.422604562067476 0.2805625618927
-0.479384611147402 0.602504118509826
-0.479267382286148 0.600296412961462
-0.35929534275052 -0.08286360759887000002
-0.479510412134468 0.565693843209042
-0.493389805659368 0.612750030669966
-0.490592935030858 0.586889922863054
-0.435844391932872 0.29366056206923
-0.346705066550852 -0.172979156596344
-0.492379819563302 0.547067343221078
-0.494451844392788 0.55000490092207
-0.505854660444126 0.600092094147156
-0.528207087553202 0.616441342073466
-0.352740617225758 -0.163804053754454
-0.530421970979274 0.602884132841316
-0.545259442608924 0.6082437786894119999
-0.550398851157118 0.62344844866239
-0.552297366749168 0.614150404022844
-0.550092169950992 0.600341075175834
-0.437942401680836 0.152673355112864
-0.440329550504838 0.147163797122036
-0.44602363265982 0.16757988640693
-0.365845275019922 -0.140038894467306
-0.454047679967036 0.162571998388772
-0.367042872818206 -0.154021214590884
-0.477243697667608 0.173325534263078
-0.473776824527316 0.152326505061856
-0.491744339520458 0.16876460657514
-0.569696696507604 0.365119410383106
-0.374797387310442 -0.165597129108196
-0.491478044535722 0.128180243163686
-0.589968121099504 0.365835415544378
-0.596113173277636 0.371585108687442
-0.588598290557786 0.341122663622314
-0.596805290742454 0.335427060064592
-0.701461136172974 0.576658533310592
-0.706936067765084 0.57814199702262
-0.613169447658896 0.3541135473254199999
-0.72344465712595 0.585664033725934
-0.724501619394636 0.584295066578452
-0.736233098018558 0.593263983449788
-0.745213688203466 0.611306569619946
-0.63234931920648 0.245663859850338
-0.635173549705732 0.2469876337549600001
-0.690003808327022 0.3323586731659520001
-0.629458082929234 0.214532577474384
-0.725319221662506 0.369425707697834
-0.63966224613933 0.208384735694102
-0.635541223663856 0.199656926537704
-0.711127978120292 0.317736289932036
-0.651382384048254 0.218832146216338
-0.708655544391906 0.3100826201541739999
-0.691169548868746 0.281164556698018
-0.745059679521974 0.363299487793492
-0.721533258432306 0.314627706598084
-0.736857042438052 0.332603878554704
-0.68640067061591 0.2438444495463480001
-0.694012660943676 0.251760773885418
-0.725581311289258 0.299218497611218
-0.654525271194068 0.190933829844432
-0.707055708198834 0.264128165529868
-0.68252715983313 0.225049194111512
-0.732601099988726 0.2983661041296399999
-0.821049117836426 0.428342108057506
-0.83190607623868 0.436794758803116
-0.662250279786414 0.187775125581666
-0.675949607184598 0.197374448854184
-0.682725925374648 0.203321909801254
-0.851329773828076 0.433657152896588
-0.680322577271296 0.188886603341152
-0.853688319203764 0.41918262038109
-0.837075852305664 0.391248859589104
-0.828403956729874 0.37565488016147
-0.874867267673774 0.408862000172428
-0.870690955691128 0.3988562315464279999
-0.570968344549634 -0.009441073377124000019
-0.582997343075926 -0.01649599959677800002
-0.56582005808168 -0.04105839033311200001
-0.62629797009928 0.02374085805436599997
-0.547462310751416 -0.06414426167688599999
-0.604982207228888 -0.009521129021663999996
-0.656605141222992 0.03800857438496800002
-0.662686528422724 0.04143412689628800003
-0.518680322691184 -0.110458895004336
-0.645299572303332 0.01363707060862199996
-0.650564714696056 0.01825075568316999997
-0.834250135153648 0.197720176195828
-0.881439705877072 0.237400185922114
-0.86944437247908 0.220121302075042
-0.616925760139444 -0.02636988115910000001
-0.860873265389062 0.206822507790906
-0.897621405059528 0.235860785084478
-0.926693655312618 0.249023877927812
-0.623188178490702 -0.03573835986235200001
-0.88511796546407 0.198984763619482
-0.910687416866742 0.211741521558372
-0.923785764921356 0.22098049627779
-0.909440349134124 0.204561460276396
-0.553952167388728 -0.109294206420562
-0.91094628164356 0.193994447882984
-0.819877847683326 0.09375269505835800001
-0.85719937408329 0.123417930414862
-0.859948248333506 0.10872734485717
-0.84641474064971 0.09526065907336799996
-0.86351261281572 0.08295552995193600004
-0.755204284478772 -0.005313342265000000003
-0.755458110451214 -0.02171941201515400002
-0.758959673931338 -0.02636518909775800002
-0.87798081722715 0.03991710943631600003
-0.879092904624572 0.03082215577867999999
-0.896514336297528 0.03865752097389599999
-0.765904570587866 -0.04502141704783799999
-0.846634891656756 -0.003423233750939999988
-0.92319579491657 0.04101060943957999996
-0.930510312839416 0.04477664577182199998
-0.78565331765481 -0.04189295553574
-0.851621106838166 -0.006637860703811999984
-0.92846934331044 0.03577813760995800002
-0.837184141314208 -0.01837036983616199999
-0.903334181216002 0.01713755133894200001
-0.849321589065632 -0.01541159238685400001
-0.898278068325378 0.009413584430893999965
-0.86736504034715 -0.008327037449148000012
-0.866753175618012 -0.008830349110686000003
-0.899062067950872 0.005535368781087999981
-0.87777407851665 -0.01242663091976599999
-0.935808682755246 0.008607043015587999952
-0.85273405000462 -0.03742036978943200001
-0.850994495052608 -0.04006350420651199999
-0.913419167907406 -0.008071485153898000017
-0.838390827365634 -0.04875608157541399997
-0.861797520419022 -0.04699497977713799999
-0.881726226888936 -0.03750378084369200001
-0.863830904733078 -0.04703437024007200003
-0.695449260067172 -0.136280985612554
-0.888168920798074 -0.05155290956681200001
-0.706047721710544 -0.136253923008336
-0.881820491430964 -0.05783420131557399999
-0.913181835424938 -0.04437892708549200002
-0.916676745798522 -0.04356638652671400002
-0.709822307409404 -0.138105314085542
-0.90311761009652 -0.05651984861191400002
-0.711359865916362 -0.145324107327184
-0.915066229372782 -0.05936488383885599998
-0.72901855169517 -0.140380269418414
-0.691472478329192 -0.156782484395328
-0.701422122138982 -0.154828062818772
-0.741263997213106 -0.146951851445228
-0.74023940643656 -0.149244743381508
-0.796030721881442 -0.12770252098688
-0.469734537139178 -0.255282764471034
-0.723779334878214 -0.162655751529456
-0.787256162951122 -0.144807859013
-0.735288806369198 -0.167911323098424
-0.849473263270674 -0.12982291085288
-0.76496320198172 -0.160164261136746
-0.735254346124248 -0.171117470592082
-0.830367883239112 -0.139698827005782
-0.748221353103044 -0.171911376462976
-0.483944176368622 -0.259625197188988
-0.731500516578788 -0.179237540050754
-0.79871241223822 -0.158197679863404
-0.795156311235696 -0.161962728615368
-0.851108886523222 -0.147945929911428
-0.738026444270754 -0.184785044517966
-0.848836787993246 -0.151019034570092
-0.774558706540642 -0.174972584232442
-0.85434371782087 -0.156133991651532
-0.77840699824314 -0.18531241718927
-0.815486129607534 -0.177741258109566
-0.453528282618396 -0.27715680461361
-0.809126269856526 -0.18077131322621
-0.84277330980649 -0.172850424999068
-0.853815590720072 -0.185558909694924
-0.950985824870172 -0.198120014514132
-0.479533545314118 -0.286390265088478
-0.98842326682104 -0.202103194176268
-0.969893818183286 -0.220533143424212
-0.994770734393862 -0.223342746949448
-0.997357222133948 -0.223767176520204
